t = 0.000000	N = 5
3.157939	0.571329	0.213320	-0.338370	-1	-1	-1	-1
-2.397660	-4.285373	0.184360	0.354981	-1	-1	-1	-1
-2.977280	1.132880	-0.161087	0.366130	-1	-1	-1	-1
4.135644	3.748572	0.325198	-0.232908	-1	-1	-1	-1
4.115391	-2.505148	0.180164	0.357129	-1	-1	-1	-1
t = 0.000100	N = 5
3.167867	0.571382	0.197115	-0.334366	-1	-1	-1	-1
-2.395010	-4.287993	0.179040	0.358166	-1	-1	-1	-1
-2.974290	1.133946	-0.158338	0.365819	-1	-1	-1	-1
4.139518	3.748735	0.322443	-0.226126	-1	-1	-1	-1
4.117205	-2.503044	0.187768	0.359640	-1	-1	-1	-1
t = 0.000200	N = 5
3.183817	0.573669	0.178608	-0.344047	-1	-1	-1	-1
-2.387771	-4.287843	0.165027	0.362668	-1	-1	-1	-1
-2.966710	1.143848	-0.156840	0.359164	-1	-1	-1	-1
4.151909	3.757595	0.310691	-0.222776	-1	-1	-1	-1
4.116054	-2.494308	0.213773	0.348259	-1	-1	-1	-1
t = 0.000300	N = 5
3.180093	0.568249	0.199552	-0.346645	-1	-1	-1	-1
-2.393274	-4.286843	0.166796	0.370842	-1	-1	-1	-1
-2.960394	1.147599	-0.161179	0.354250	-1	-1	-1	-1
4.156470	3.761921	0.297666	-0.223434	-1	-1	-1	-1
4.112851	-2.491226	0.226085	0.338839	-1	-1	-1	-1
t = 0.000400	N = 5
3.167278	0.562208	0.230125	-0.341889	-1	-1	-1	-1
-2.405985	-4.289028	0.170620	0.377965	-1	-1	-1	-1
-2.970921	1.143632	-0.159611	0.351074	-1	-1	-1	-1
4.155143	3.759050	0.300029	-0.228260	-1	-1	-1	-1
4.110347	-2.491658	0.226627	0.342903	-1	-1	-1	-1
t = 0.000500	N = 5
3.171929	0.565036	0.226270	-0.345892	-1	-1	-1	-1
-2.419133	-4.290051	0.172473	0.377420	-1	-1	-1	-1
-2.986161	1.145735	-0.157687	0.350453	-1	-1	-1	-1
4.159911	3.764538	0.312070	-0.240502	-1	-1	-1	-1
4.114657	-2.481277	0.236194	0.336454	-1	-1	-1	-1
t = 0.000600	N = 5
3.167640	0.574453	0.231957	-0.353297	-1	-1	-1	-1
-2.432336	-4.293854	0.175701	0.379250	-1	-1	-1	-1
-2.989910	1.138694	-0.165183	0.367987	-1	-1	-1	-1
4.164616	3.770800	0.319314	-0.248408	-1	-1	-1	-1
4.113851	-2.472458	0.251379	0.325305	-1	-1	-1	-1
t = 0.000700	N = 5
3.157195	0.586429	0.249193	-0.364995	-1	-1	-1	-1
-2.437734	-4.296198	0.170654	0.377395	-1	-1	-1	-1
-2.988806	1.135963	-0.181700	0.375365	-1	-1	-1	-1
4.160668	3.771995	0.315283	-0.248528	-1	-1	-1	-1
4.107089	-2.462182	0.274371	0.306317	-1	-1	-1	-1
t = 0.000800	N = 5
3.160539	0.596685	0.242658	-0.372365	-1	-1	-1	-1
-2.441693	-4.298240	0.175190	0.379519	-1	-1	-1	-1
-2.993559	1.140577	-0.184038	0.368347	-1	-1	-1	-1
4.152811	3.765191	0.313880	-0.234684	-1	-1	-1	-1
4.106419	-2.452603	0.292451	0.301248	-1	-1	-1	-1
t = 0.000900	N = 5
3.153669	0.600717	0.245509	-0.366274	-1	-1	-1	-1
-2.435592	-4.299555	0.174876	0.375582	-1	-1	-1	-1
-2.997655	1.135789	-0.178928	0.371042	-1	-1	-1	-1
4.153330	3.761115	0.312086	-0.223843	-1	-1	-1	-1
4.100790	-2.444922	0.305441	0.306976	-1	-1	-1	-1
t = 0.001000	N = 5
3.143977	0.602173	0.256951	-0.355780	-1	-1	-1	-1
-2.423689	-4.290641	0.160194	0.357749	-1	-1	-1	-1
-2.995995	1.125562	-0.187723	0.379930	-1	-1	-1	-1
4.148911	3.767464	0.320327	-0.228548	-1	-1	-1	-1
4.110220	-2.435133	0.288716	0.299993	-1	-1	-1	-1
t = 0.001100	N = 5
3.148963	0.605271	0.253408	-0.351828	-1	-1	-1	-1
-2.423626	-4.292948	0.154415	0.360138	-1	-1	-1	-1
-3.003181	1.118308	-0.176196	0.379704	-1	-1	-1	-1
4.151450	3.776238	0.326498	-0.236845	-1	-1	-1	-1
4.124666	-2.424707	0.266829	0.285930	-1	-1	-1	-1
t = 0.001200	N = 5
3.152691	0.608029	0.251883	-0.353550	-1	-1	-1	-1
-2.424580	-4.313637	0.152645	0.377678	-1	-1	-1	-1
-2.993139	1.122097	-0.173526	0.366720	-1	-1	-1	-1
4.161060	3.772707	0.313510	-0.236324	-1	-1	-1	-1
4.116898	-2.413100	0.271113	0.269180	-1	-1	-1	-1
t = 0.001300	N = 5
3.150152	0.614247	0.252028	-0.359371	-1	-1	-1	-1
-2.419947	-4.329093	0.151696	0.389413	-1	-1	-1	-1
-2.976245	1.134534	-0.186748	0.352426	-1	-1	-1	-1
4.153996	3.761202	0.322281	-0.222676	-1	-1	-1	-1
4.102620	-2.411122	0.284308	0.267791	-1	-1	-1	-1
t = 0.001400	N = 5
3.152110	0.610439	0.233991	-0.349954	-1	-1	-1	-1
-2.420361	-4.328921	0.160306	0.390391	-1	-1	-1	-1
-2.973206	1.157810	-0.184336	0.332190	-1	-1	-1	-1
4.141824	3.759301	0.347462	-0.209629	-1	-1	-1	-1
4.096478	-2.416092	0.294652	0.278635	-1	-1	-1	-1
t = 0.001500	N = 5
3.152905	0.608535	0.219281	-0.337956	-1	-1	-1	-1
-2.416923	-4.327469	0.156766	0.388131	-1	-1	-1	-1
-2.967262	1.166863	-0.179587	0.327283	-1	-1	-1	-1
4.128004	3.771668	0.372653	-0.216361	-1	-1	-1	-1
4.100061	-2.413560	0.294954	0.276588	-1	-1	-1	-1
t = 0.001600	N = 5
3.154265	0.609915	0.213962	-0.335225	-1	-1	-1	-1
-2.414285	-4.330536	0.149167	0.392880	-1	-1	-1	-1
-2.963204	1.165878	-0.178052	0.331017	-1	-1	-1	-1
4.117682	3.775153	0.388625	-0.219518	-1	-1	-1	-1
4.103526	-2.411103	0.299268	0.271846	-1	-1	-1	-1
t = 0.001700	N = 5
3.149836	0.603471	0.221323	-0.336815	-1	-1	-1	-1
-2.408649	-4.335827	0.137020	0.397217	-1	-1	-1	-1
-2.957879	1.168477	-0.185616	0.332818	-1	-1	-1	-1
4.127823	3.763478	0.380302	-0.215423	-1	-1	-1	-1
4.103385	-2.407091	0.292474	0.261822	-1	-1	-1	-1
t = 0.001800	N = 5
3.135009	0.594911	0.242415	-0.331878	-1	-1	-1	-1
-2.408317	-4.343769	0.126759	0.409512	-1	-1	-1	-1
-2.956549	1.166095	-0.196216	0.330848	-1	-1	-1	-1
4.134412	3.761850	0.373801	-0.232505	-1	-1	-1	-1
4.104174	-2.397619	0.277849	0.238644	-1	-1	-1	-1
t = 0.001900	N = 5
3.125308	0.584903	0.257720	-0.319597	-1	-1	-1	-1
-2.415415	-4.347583	0.125200	0.425275	-1	-1	-1	-1
-2.968647	1.168614	-0.192019	0.318833	-1	-1	-1	-1
4.132491	3.766769	0.367844	-0.243564	-1	-1	-1	-1
4.107633	-2.392795	0.277019	0.224314	-1	-1	-1	-1
t = 0.002000	N = 5
3.117865	0.582817	0.268302	-0.312663	-1	-1	-1	-1
-2.411651	-4.343862	0.117015	0.419551	-1	-1	-1	-1
-2.987385	1.171455	-0.175022	0.309813	-1	-1	-1	-1
4.138798	3.773964	0.362843	-0.245746	-1	-1	-1	-1
4.114961	-2.386181	0.269970	0.222608	-1	-1	-1	-1
t = 0.002100	N = 5
3.114569	0.587409	0.280427	-0.307128	-1	-1	-1	-1
-2.408699	-4.334378	0.121278	0.417854	-1	-1	-1	-1
-2.991982	1.175609	-0.170598	0.304340	-1	-1	-1	-1
4.139779	3.795656	0.375817	-0.267045	-1	-1	-1	-1
4.121325	-2.380211	0.263501	0.207025	-1	-1	-1	-1
t = 0.002200	N = 5
3.120796	0.587740	0.284366	-0.295132	-1	-1	-1	-1
-2.405706	-4.320523	0.124998	0.415073	-1	-1	-1	-1
-2.988528	1.178864	-0.165358	0.301753	-1	-1	-1	-1
4.143090	3.810686	0.373926	-0.283672	-1	-1	-1	-1
4.128916	-2.376553	0.260578	0.189953	-1	-1	-1	-1
t = 0.002300	N = 5
3.126946	0.588475	0.272429	-0.284192	-1	-1	-1	-1
-2.404515	-4.317264	0.120236	0.412069	-1	-1	-1	-1
-2.984452	1.183172	-0.161136	0.296444	-1	-1	-1	-1
4.158056	3.811516	0.365893	-0.289437	-1	-1	-1	-1
4.139041	-2.377714	0.248553	0.200970	-1	-1	-1	-1
t = 0.002400	N = 5
3.134526	0.589361	0.256531	-0.280857	-1	-1	-1	-1
-2.412939	-4.317784	0.134773	0.403929	-1	-1	-1	-1
-2.978830	1.190388	-0.169612	0.296536	-1	-1	-1	-1
4.160638	3.814430	0.372395	-0.310933	-1	-1	-1	-1
4.142482	-2.381399	0.240763	0.208975	-1	-1	-1	-1
t = 0.002500	N = 5
3.140470	0.588303	0.248830	-0.286747	-1	-1	-1	-1
-2.424611	-4.313857	0.148188	0.393303	-1	-1	-1	-1
-2.983808	1.188468	-0.168944	0.304591	-1	-1	-1	-1
4.150955	3.814171	0.381231	-0.324878	-1	-1	-1	-1
4.138381	-2.383919	0.245269	0.212327	-1	-1	-1	-1
t = 0.002600	N = 5
3.131406	0.593192	0.257417	-0.294170	-1	-1	-1	-1
-2.432269	-4.310335	0.154792	0.385775	-1	-1	-1	-1
-2.989641	1.185658	-0.161592	0.308996	-1	-1	-1	-1
4.156256	3.813962	0.380660	-0.327398	-1	-1	-1	-1
4.134522	-2.397117	0.254254	0.232478	-1	-1	-1	-1
t = 0.002700	N = 5
3.121134	0.595131	0.268926	-0.288093	-1	-1	-1	-1
-2.442463	-4.309517	0.172722	0.378056	-1	-1	-1	-1
-2.981476	1.189806	-0.167442	0.308511	-1	-1	-1	-1
4.168929	3.815152	0.371668	-0.326849	-1	-1	-1	-1
4.136325	-2.407829	0.245857	0.243907	-1	-1	-1	-1
t = 0.002800	N = 5
3.116317	0.598086	0.282220	-0.281782	-1	-1	-1	-1
-2.459078	-4.318847	0.192429	0.383217	-1	-1	-1	-1
-2.972941	1.193162	-0.175130	0.309354	-1	-1	-1	-1
4.169617	3.817937	0.368418	-0.325935	-1	-1	-1	-1
4.140745	-2.412785	0.232700	0.244822	-1	-1	-1	-1
t = 0.002900	N = 5
3.110553	0.597991	0.290821	-0.277508	-1	-1	-1	-1
-2.467106	-4.326587	0.200320	0.382073	-1	-1	-1	-1
-2.969632	1.182511	-0.174698	0.327526	-1	-1	-1	-1
4.166777	3.821346	0.364138	-0.333699	-1	-1	-1	-1
4.137492	-2.415939	0.233693	0.245505	-1	-1	-1	-1
t = 0.003000	N = 5
3.109396	0.599145	0.285173	-0.287355	-1	-1	-1	-1
-2.471404	-4.316782	0.207355	0.364811	-1	-1	-1	-1
-2.971722	1.178210	-0.178256	0.335639	-1	-1	-1	-1
4.164020	3.821815	0.355851	-0.332205	-1	-1	-1	-1
4.127249	-2.408337	0.238570	0.243979	-1	-1	-1	-1
t = 0.003100	N = 5
3.096930	0.603112	0.286255	-0.298174	-1	-1	-1	-1
-2.478534	-4.310958	0.215864	0.354721	-1	-1	-1	-1
-2.972099	1.181688	-0.188458	0.325882	-1	-1	-1	-1
4.155318	3.822895	0.355041	-0.323511	-1	-1	-1	-1
4.119489	-2.406734	0.236566	0.243283	-1	-1	-1	-1
t = 0.003200	N = 5
3.083179	0.596302	0.289261	-0.290225	-1	-1	-1	-1
-2.478754	-4.319204	0.217129	0.371600	-1	-1	-1	-1
-2.958603	1.176350	-0.211978	0.331770	-1	-1	-1	-1
4.157690	3.833472	0.334650	-0.330348	-1	-1	-1	-1
4.108708	-2.408959	0.234503	0.250306	-1	-1	-1	-1
t = 0.003300	N = 5
3.074374	0.591086	0.293010	-0.281452	-1	-1	-1	-1
-2.478585	-4.321459	0.225489	0.387718	-1	-1	-1	-1
-2.948253	1.168575	-0.236927	0.348521	-1	-1	-1	-1
4.170870	3.847179	0.308653	-0.341564	-1	-1	-1	-1
4.088077	-2.412432	0.256794	0.270053	-1	-1	-1	-1
t = 0.003400	N = 5
3.062477	0.581976	0.310563	-0.274101	-1	-1	-1	-1
-2.478567	-4.316413	0.233700	0.380672	-1	-1	-1	-1
-2.953421	1.161245	-0.238683	0.366439	-1	-1	-1	-1
4.171853	3.863253	0.307557	-0.340494	-1	-1	-1	-1
4.074744	-2.423589	0.274039	0.277911	-1	-1	-1	-1
t = 0.003500	N = 5
3.059087	0.559928	0.323760	-0.252110	-1	-1	-1	-1
-2.474421	-4.314837	0.226644	0.374877	-1	-1	-1	-1
-2.962588	1.171056	-0.230700	0.364999	-1	-1	-1	-1
4.170808	3.867317	0.305353	-0.327869	-1	-1	-1	-1
4.072081	-2.423589	0.272573	0.277140	-1	-1	-1	-1
t = 0.003600	N = 5
3.071379	0.548470	0.318836	-0.226268	-1	-1	-1	-1
-2.466609	-4.320045	0.222071	0.380563	-1	-1	-1	-1
-2.962114	1.170798	-0.232923	0.365335	-1	-1	-1	-1
4.169187	3.866412	0.306478	-0.323450	-1	-1	-1	-1
4.070940	-2.415628	0.276149	0.273767	-1	-1	-1	-1
t = 0.003700	N = 5
3.077442	0.553846	0.306780	-0.219683	-1	-1	-1	-1
-2.455774	-4.310823	0.220032	0.372113	-1	-1	-1	-1
-2.958677	1.154392	-0.231605	0.372599	-1	-1	-1	-1
4.171562	3.869517	0.295876	-0.321209	-1	-1	-1	-1
4.057567	-2.406529	0.296752	0.269913	-1	-1	-1	-1
t = 0.003800	N = 5
3.065636	0.563881	0.308030	-0.221070	-1	-1	-1	-1
-2.456364	-4.305481	0.217691	0.374948	-1	-1	-1	-1
-2.955646	1.152126	-0.229221	0.363587	-1	-1	-1	-1
4.185451	3.867826	0.267096	-0.310960	-1	-1	-1	-1
4.050964	-2.402762	0.307091	0.278896	-1	-1	-1	-1
t = 0.003900	N = 5
3.061255	0.575479	0.306957	-0.234360	-1	-1	-1	-1
-2.468091	-4.318951	0.228926	0.400285	-1	-1	-1	-1
-2.954189	1.149430	-0.234162	0.364768	-1	-1	-1	-1
4.200349	3.868269	0.248394	-0.301630	-1	-1	-1	-1
4.065391	-2.399771	0.291655	0.277401	-1	-1	-1	-1
t = 0.004000	N = 5
3.061255	0.588268	0.302206	-0.247431	-1	-1	-1	-1
-2.474061	-4.328217	0.239013	0.424396	-1	-1	-1	-1
-2.949522	1.132856	-0.242698	0.383052	-1	-1	-1	-1
4.216580	3.873578	0.234049	-0.299170	-1	-1	-1	-1
4.073805	-2.395770	0.287437	0.263644	-1	-1	-1	-1
t = 0.004100	N = 5
3.062745	0.599702	0.303181	-0.253722	-1	-1	-1	-1
-2.479633	-4.333334	0.243692	0.438153	-1	-1	-1	-1
-2.946102	1.118369	-0.246092	0.400015	-1	-1	-1	-1
4.227737	3.881748	0.226560	-0.301620	-1	-1	-1	-1
4.062873	-2.408853	0.309914	0.272936	-1	-1	-1	-1
t = 0.004200	N = 5
3.066700	0.603067	0.296609	-0.252575	-1	-1	-1	-1
-2.488269	-4.334000	0.257348	0.437577	-1	-1	-1	-1
-2.953657	1.112781	-0.247086	0.400717	-1	-1	-1	-1
4.233184	3.888947	0.211388	-0.301913	-1	-1	-1	-1
4.041741	-2.417340	0.348355	0.282305	-1	-1	-1	-1
t = 0.004300	N = 5
3.065134	0.589964	0.290606	-0.242480	-1	-1	-1	-1
-2.483971	-4.331018	0.253524	0.422763	-1	-1	-1	-1
-2.966342	1.102302	-0.249614	0.399697	-1	-1	-1	-1
4.234337	3.893676	0.191951	-0.314819	-1	-1	-1	-1
4.041321	-2.413464	0.361334	0.271349	-1	-1	-1	-1
t = 0.004400	N = 5
3.068965	0.577345	0.286226	-0.240200	-1	-1	-1	-1
-2.476194	-4.334789	0.252659	0.418626	-1	-1	-1	-1
-2.976897	1.084642	-0.240981	0.403836	-1	-1	-1	-1
4.239759	3.885032	0.180953	-0.310701	-1	-1	-1	-1
4.053616	-2.413274	0.345000	0.274827	-1	-1	-1	-1
t = 0.004500	N = 5
3.075118	0.583843	0.284973	-0.251518	-1	-1	-1	-1
-2.478579	-4.338119	0.266734	0.427148	-1	-1	-1	-1
-2.981829	1.073261	-0.228235	0.402584	-1	-1	-1	-1
4.243547	3.871927	0.170610	-0.289639	-1	-1	-1	-1
4.060604	-2.418545	0.333902	0.291147	-1	-1	-1	-1
t = 0.004600	N = 5
3.080800	0.597367	0.270740	-0.266514	-1	-1	-1	-1
-2.481014	-4.328765	0.260397	0.416415	-1	-1	-1	-1
-2.976071	1.076988	-0.238458	0.399340	-1	-1	-1	-1
4.236798	3.867273	0.177750	-0.287371	-1	-1	-1	-1
4.064606	-2.423120	0.336995	0.293213	-1	-1	-1	-1
t = 0.004700	N = 5
3.077978	0.617162	0.264018	-0.279368	-1	-1	-1	-1
-2.473406	-4.320906	0.255955	0.401706	-1	-1	-1	-1
-2.969928	1.076782	-0.244156	0.397327	-1	-1	-1	-1
4.234476	3.865836	0.187100	-0.290696	-1	-1	-1	-1
4.067078	-2.423754	0.343843	0.296108	-1	-1	-1	-1
t = 0.004800	N = 5
3.075879	0.635176	0.262217	-0.297709	-1	-1	-1	-1
-2.471521	-4.318006	0.264706	0.399366	-1	-1	-1	-1
-2.969045	1.064133	-0.246477	0.405216	-1	-1	-1	-1
4.238386	3.857290	0.193025	-0.287591	-1	-1	-1	-1
4.063418	-2.420974	0.356720	0.294746	-1	-1	-1	-1
t = 0.004900	N = 5
3.088149	0.641508	0.246094	-0.312366	-1	-1	-1	-1
-2.470459	-4.308960	0.273272	0.394353	-1	-1	-1	-1
-2.980596	1.045304	-0.240371	0.412199	-1	-1	-1	-1
4.235168	3.856175	0.203838	-0.291774	-1	-1	-1	-1
4.063953	-2.417679	0.365526	0.283102	-1	-1	-1	-1
t = 0.005000	N = 5
3.095943	0.646352	0.240649	-0.317994	-1	-1	-1	-1
-2.470975	-4.308006	0.279530	0.392228	-1	-1	-1	-1
-2.998885	1.043944	-0.210929	0.405413	-1	-1	-1	-1
4.228657	3.865580	0.216129	-0.301772	-1	-1	-1	-1
4.084301	-2.423025	0.347473	0.284422	-1	-1	-1	-1
t = 0.005100	N = 5
3.098628	0.662982	0.235802	-0.331757	-1	-1	-1	-1
-2.477001	-4.309608	0.283799	0.390725	-1	-1	-1	-1
-3.011413	1.057264	-0.194419	0.391139	-1	-1	-1	-1
4.231584	3.883853	0.219006	-0.328160	-1	-1	-1	-1
4.096893	-2.429842	0.337746	0.298123	-1	-1	-1	-1
t = 0.005200	N = 5
3.091179	0.671646	0.230963	-0.340498	-1	-1	-1	-1
-2.473398	-4.314797	0.279354	0.399615	-1	-1	-1	-1
-3.017185	1.053831	-0.191242	0.393273	-1	-1	-1	-1
4.237995	3.899531	0.213145	-0.349278	-1	-1	-1	-1
4.097824	-2.433646	0.347920	0.303842	-1	-1	-1	-1
t = 0.005300	N = 5
3.085644	0.664366	0.225578	-0.327529	-1	-1	-1	-1
-2.462979	-4.326934	0.256964	0.413010	-1	-1	-1	-1
-3.017112	1.050225	-0.188743	0.403627	-1	-1	-1	-1
4.246838	3.906701	0.202417	-0.357115	-1	-1	-1	-1
4.094129	-2.442766	0.365513	0.302526	-1	-1	-1	-1
t = 0.005400	N = 5
3.090644	0.658455	0.222936	-0.323608	-1	-1	-1	-1
-2.457773	-4.337926	0.244989	0.420588	-1	-1	-1	-1
-3.012564	1.053235	-0.189985	0.405758	-1	-1	-1	-1
4.240898	3.916254	0.201750	-0.372268	-1	-1	-1	-1
4.082873	-2.447405	0.385377	0.297519	-1	-1	-1	-1
t = 0.005500	N = 5
3.093512	0.653281	0.215234	-0.318457	-1	-1	-1	-1
-2.457661	-4.333921	0.243975	0.420734	-1	-1	-1	-1
-3.002487	1.056789	-0.200350	0.388468	-1	-1	-1	-1
4.228389	3.913204	0.205494	-0.375784	-1	-1	-1	-1
4.068494	-2.435678	0.394754	0.296462	-1	-1	-1	-1
t = 0.005600	N = 5
3.096258	0.653971	0.193467	-0.302741	-1	-1	-1	-1
-2.459132	-4.328992	0.245655	0.418102	-1	-1	-1	-1
-2.995038	1.057655	-0.210875	0.364867	-1	-1	-1	-1
4.226364	3.912536	0.209021	-0.375752	-1	-1	-1	-1
4.062629	-2.430506	0.397068	0.300342	-1	-1	-1	-1
t = 0.005700	N = 5
3.095243	0.657006	0.189794	-0.290587	-1	-1	-1	-1
-2.460787	-4.333885	0.247824	0.420950	-1	-1	-1	-1
-2.991735	1.064272	-0.214275	0.352811	-1	-1	-1	-1
4.230831	3.920359	0.211446	-0.390874	-1	-1	-1	-1
4.076417	-2.432224	0.380134	0.300280	-1	-1	-1	-1
t = 0.005800	N = 5
3.091528	0.659346	0.208814	-0.279227	-1	-1	-1	-1
-2.467471	-4.317243	0.254872	0.411412	-1	-1	-1	-1
-3.002616	1.073252	-0.209632	0.344760	-1	-1	-1	-1
4.233131	3.921503	0.199550	-0.401541	-1	-1	-1	-1
4.081807	-2.424048	0.371645	0.286628	-1	-1	-1	-1
t = 0.005900	N = 5
3.089651	0.668431	0.214769	-0.293225	-1	-1	-1	-1
-2.481293	-4.309381	0.273563	0.409645	-1	-1	-1	-1
-3.013451	1.079870	-0.211539	0.340734	-1	-1	-1	-1
4.229137	3.921028	0.188983	-0.397133	-1	-1	-1	-1
4.078672	-2.418487	0.372086	0.265659	-1	-1	-1	-1
t = 0.006000	N = 5
3.093491	0.668473	0.202272	-0.309466	-1	-1	-1	-1
-2.490597	-4.313369	0.279677	0.408245	-1	-1	-1	-1
-3.007882	1.095072	-0.231236	0.326840	-1	-1	-1	-1
4.230900	3.917356	0.187856	-0.390349	-1	-1	-1	-1
4.079494	-2.417084	0.359519	0.249044	-1	-1	-1	-1
t = 0.006100	N = 5
3.092504	0.657339	0.200095	-0.295358	-1	-1	-1	-1
-2.494217	-4.315898	0.281890	0.403305	-1	-1	-1	-1
-3.008623	1.098666	-0.237526	0.314567	-1	-1	-1	-1
4.233970	3.908175	0.192748	-0.381341	-1	-1	-1	-1
4.083242	-2.408676	0.351993	0.237241	-1	-1	-1	-1
t = 0.006200	N = 5
3.094297	0.651647	0.190269	-0.273700	-1	-1	-1	-1
-2.492179	-4.315071	0.283760	0.392744	-1	-1	-1	-1
-3.010747	1.099358	-0.224406	0.308595	-1	-1	-1	-1
4.230292	3.898394	0.193604	-0.376871	-1	-1	-1	-1
4.091187	-2.407609	0.353103	0.244621	-1	-1	-1	-1
t = 0.006300	N = 5
3.111868	0.655872	0.166593	-0.274742	-1	-1	-1	-1
-2.496269	-4.305179	0.285340	0.373258	-1	-1	-1	-1
-3.004721	1.106842	-0.224587	0.298650	-1	-1	-1	-1
4.225112	3.893654	0.188110	-0.374762	-1	-1	-1	-1
4.096028	-2.417926	0.355331	0.246827	-1	-1	-1	-1
t = 0.006400	N = 5
3.125918	0.659992	0.150318	-0.284356	-1	-1	-1	-1
-2.504042	-4.312610	0.298759	0.376402	-1	-1	-1	-1
-2.998142	1.111300	-0.223998	0.286971	-1	-1	-1	-1
4.230101	3.894772	0.172837	-0.368013	-1	-1	-1	-1
4.108549	-2.411071	0.346916	0.234408	-1	-1	-1	-1
t = 0.006500	N = 5
3.132678	0.666322	0.134619	-0.291734	-1	-1	-1	-1
-2.511914	-4.321399	0.322783	0.383579	-1	-1	-1	-1
-2.993057	1.121579	-0.217767	0.278775	-1	-1	-1	-1
4.249715	3.897379	0.147130	-0.365352	-1	-1	-1	-1
4.109133	-2.397696	0.349118	0.219760	-1	-1	-1	-1
t = 0.006600	N = 5
3.132841	0.675679	0.129458	-0.298804	-1	-1	-1	-1
-2.514057	-4.325495	0.334081	0.381275	-1	-1	-1	-1
-2.994757	1.135295	-0.208393	0.270248	-1	-1	-1	-1
4.264806	3.888231	0.142522	-0.363005	-1	-1	-1	-1
4.097423	-2.388255	0.365225	0.208642	-1	-1	-1	-1
t = 0.006700	N = 5
3.132384	0.680512	0.138888	-0.303756	-1	-1	-1	-1
-2.518037	-4.331761	0.339333	0.373174	-1	-1	-1	-1
-2.994840	1.134362	-0.198541	0.276599	-1	-1	-1	-1
4.265913	3.880926	0.157182	-0.363161	-1	-1	-1	-1
4.100477	-2.392519	0.359965	0.214714	-1	-1	-1	-1
t = 0.006800	N = 5
3.140089	0.691946	0.140715	-0.316622	-1	-1	-1	-1
-2.523517	-4.329902	0.341077	0.360555	-1	-1	-1	-1
-2.996718	1.127326	-0.188723	0.284342	-1	-1	-1	-1
4.280077	3.888412	0.145263	-0.377017	-1	-1	-1	-1
4.095777	-2.403490	0.353760	0.227763	-1	-1	-1	-1
t = 0.006900	N = 5
3.143995	0.698065	0.149738	-0.325290	-1	-1	-1	-1
-2.525108	-4.330885	0.340984	0.367004	-1	-1	-1	-1
-2.997814	1.131504	-0.190062	0.282627	-1	-1	-1	-1
4.297699	3.891710	0.126978	-0.386656	-1	-1	-1	-1
4.092010	-2.401745	0.344743	0.237357	-1	-1	-1	-1
t = 0.007000	N = 5
3.143086	0.700331	0.166977	-0.334012	-1	-1	-1	-1
-2.528326	-4.334567	0.345921	0.372345	-1	-1	-1	-1
-3.006849	1.133742	-0.185912	0.286094	-1	-1	-1	-1
4.304371	3.889726	0.124387	-0.384794	-1	-1	-1	-1
4.084043	-2.402387	0.341883	0.244433	-1	-1	-1	-1
t = 0.007100	N = 5
3.144345	0.708904	0.179997	-0.352483	-1	-1	-1	-1
-2.535556	-4.333264	0.350937	0.369484	-1	-1	-1	-1
-3.016156	1.140981	-0.177183	0.273220	-1	-1	-1	-1
4.304958	3.900991	0.128738	-0.389328	-1	-1	-1	-1
4.082925	-2.404557	0.344333	0.243974	-1	-1	-1	-1
t = 0.007200	N = 5
3.151291	0.712851	0.180311	-0.365377	-1	-1	-1	-1
-2.547825	-4.327825	0.365003	0.366438	-1	-1	-1	-1
-3.025012	1.147105	-0.170500	0.260953	-1	-1	-1	-1
4.312391	3.903100	0.129721	-0.375601	-1	-1	-1	-1
4.092015	-2.400265	0.332495	0.230069	-1	-1	-1	-1
t = 0.007300	N = 5
3.157371	0.710378	0.165774	-0.368341	-1	-1	-1	-1
-2.553745	-4.317355	0.366389	0.355657	-1	-1	-1	-1
-3.030351	1.148409	-0.158227	0.251129	-1	-1	-1	-1
4.318514	3.894944	0.131843	-0.351571	-1	-1	-1	-1
4.093122	-2.397464	0.327344	0.220437	-1	-1	-1	-1
t = 0.007400	N = 5
3.150289	0.715144	0.172731	-0.369713	-1	-1	-1	-1
-2.555901	-4.307630	0.353459	0.344744	-1	-1	-1	-1
-3.032001	1.153792	-0.156709	0.241971	-1	-1	-1	-1
4.314121	3.896647	0.139606	-0.343692	-1	-1	-1	-1
4.100394	-2.395692	0.320064	0.226987	-1	-1	-1	-1
t = 0.007500	N = 5
3.145912	0.721131	0.181517	-0.378525	-1	-1	-1	-1
-2.550690	-4.298387	0.349559	0.329307	-1	-1	-1	-1
-3.035796	1.157574	-0.159077	0.243388	-1	-1	-1	-1
4.323453	3.896845	0.131706	-0.338506	-1	-1	-1	-1
4.097905	-2.391247	0.317422	0.229114	-1	-1	-1	-1
t = 0.007600	N = 5
3.146932	0.716819	0.164704	-0.382289	-1	-1	-1	-1
-2.550632	-4.302301	0.360214	0.330759	-1	-1	-1	-1
-3.041465	1.160788	-0.159303	0.240120	-1	-1	-1	-1
4.334716	3.902010	0.128094	-0.352180	-1	-1	-1	-1
4.092256	-2.390267	0.315430	0.229023	-1	-1	-1	-1
t = 0.007700	N = 5
3.134735	0.706142	0.167999	-0.371537	-1	-1	-1	-1
-2.557099	-4.310944	0.375564	0.347029	-1	-1	-1	-1
-3.048706	1.161945	-0.162340	0.232976	-1	-1	-1	-1
4.333471	3.909166	0.135012	-0.367761	-1	-1	-1	-1
4.089096	-2.388311	0.315644	0.231075	-1	-1	-1	-1
t = 0.007800	N = 5
3.123077	0.699341	0.186566	-0.374533	-1	-1	-1	-1
-2.557508	-4.308743	0.384750	0.353235	-1	-1	-1	-1
-3.045828	1.161508	-0.161670	0.239347	-1	-1	-1	-1
4.333145	3.909354	0.133567	-0.366959	-1	-1	-1	-1
4.085319	-2.378254	0.308671	0.222320	-1	-1	-1	-1
t = 0.007900	N = 5
3.131807	0.707490	0.180287	-0.387461	-1	-1	-1	-1
-2.559935	-4.305762	0.380802	0.354408	-1	-1	-1	-1
-3.054191	1.168019	-0.154714	0.239399	-1	-1	-1	-1
4.332481	3.913355	0.141048	-0.373311	-1	-1	-1	-1
4.075065	-2.371689	0.309794	0.213375	-1	-1	-1	-1
t = 0.008000	N = 5
3.143697	0.712420	0.170280	-0.390060	-1	-1	-1	-1
-2.559753	-4.306435	0.371187	0.360485	-1	-1	-1	-1
-3.062593	1.180133	-0.154320	0.231402	-1	-1	-1	-1
4.332541	3.913737	0.146725	-0.373794	-1	-1	-1	-1
4.062663	-2.374466	0.322889	0.216235	-1	-1	-1	-1
t = 0.008100	N = 5
3.145256	0.714071	0.173248	-0.390198	-1	-1	-1	-1
-2.558563	-4.305472	0.371198	0.364792	-1	-1	-1	-1
-3.071157	1.187695	-0.142968	0.236859	-1	-1	-1	-1
4.331032	3.901563	0.152556	-0.358843	-1	-1	-1	-1
4.062376	-2.369184	0.320768	0.209354	-1	-1	-1	-1
t = 0.008200	N = 5
3.140953	0.719100	0.182241	-0.383469	-1	-1	-1	-1
-2.560675	-4.290906	0.368136	0.357385	-1	-1	-1	-1
-3.075836	1.187352	-0.131594	0.247727	-1	-1	-1	-1
4.320942	3.889046	0.164117	-0.345126	-1	-1	-1	-1
4.074583	-2.354497	0.299178	0.185941	-1	-1	-1	-1
t = 0.008300	N = 5
3.133928	0.723612	0.191291	-0.373680	-1	-1	-1	-1
-2.576404	-4.284776	0.368390	0.360733	-1	-1	-1	-1
-3.073739	1.190075	-0.118434	0.252656	-1	-1	-1	-1
4.321205	3.877461	0.155275	-0.335556	-1	-1	-1	-1
4.077204	-2.350011	0.278961	0.175832	-1	-1	-1	-1
t = 0.008400	N = 5
3.126806	0.727210	0.196609	-0.373530	-1	-1	-1	-1
-2.599561	-4.297958	0.377375	0.379013	-1	-1	-1	-1
-3.066715	1.198932	-0.118220	0.245712	-1	-1	-1	-1
4.326868	3.874998	0.138658	-0.330231	-1	-1	-1	-1
4.069307	-2.351176	0.278803	0.176265	-1	-1	-1	-1
t = 0.008500	N = 5
3.124922	0.731260	0.205321	-0.382238	-1	-1	-1	-1
-2.600911	-4.307918	0.378789	0.395177	-1	-1	-1	-1
-3.060605	1.195023	-0.125791	0.252256	-1	-1	-1	-1
4.330575	3.873735	0.124158	-0.321849	-1	-1	-1	-1
4.068786	-2.349087	0.279540	0.176743	-1	-1	-1	-1
t = 0.008600	N = 5
3.124098	0.736948	0.212077	-0.383942	-1	-1	-1	-1
-2.590659	-4.315641	0.371674	0.408618	-1	-1	-1	-1
-3.069574	1.188935	-0.110314	0.261859	-1	-1	-1	-1
4.334014	3.866004	0.113272	-0.308992	-1	-1	-1	-1
4.070089	-2.356416	0.272443	0.192037	-1	-1	-1	-1
t = 0.008700	N = 5
3.138914	0.744860	0.200716	-0.387039	-1	-1	-1	-1
-2.587413	-4.321915	0.365431	0.417524	-1	-1	-1	-1
-3.073245	1.185541	-0.094906	0.268807	-1	-1	-1	-1
4.338092	3.856929	0.108883	-0.294025	-1	-1	-1	-1
4.071793	-2.368553	0.265853	0.211448	-1	-1	-1	-1
t = 0.008800	N = 5
3.156728	0.749957	0.184397	-0.391950	-1	-1	-1	-1
-2.589060	-4.319409	0.366471	0.415532	-1	-1	-1	-1
-3.072397	1.182444	-0.085516	0.272071	-1	-1	-1	-1
4.332795	3.847250	0.112931	-0.284549	-1	-1	-1	-1
4.080013	-2.369633	0.263222	0.220348	-1	-1	-1	-1
t = 0.008900	N = 5
3.157665	0.746116	0.176039	-0.381637	-1	-1	-1	-1
-2.594824	-4.312818	0.373326	0.415364	-1	-1	-1	-1
-3.072593	1.184617	-0.077477	0.268386	-1	-1	-1	-1
4.327921	3.851325	0.114747	-0.294467	-1	-1	-1	-1
4.091534	-2.376737	0.259834	0.230305	-1	-1	-1	-1
t = 0.009000	N = 5
3.154393	0.746317	0.167312	-0.362021	-1	-1	-1	-1
-2.596957	-4.312745	0.372311	0.413736	-1	-1	-1	-1
-3.074210	1.181188	-0.066834	0.278531	-1	-1	-1	-1
4.338013	3.858341	0.099444	-0.307810	-1	-1	-1	-1
4.091829	-2.386580	0.260708	0.243961	-1	-1	-1	-1
t = 0.009100	N = 5
3.153472	0.757170	0.156691	-0.354081	-1	-1	-1	-1
-2.590376	-4.312751	0.361778	0.408811	-1	-1	-1	-1
-3.075365	1.188387	-0.057828	0.275717	-1	-1	-1	-1
4.352499	3.859776	0.084000	-0.309847	-1	-1	-1	-1
4.091005	-2.392715	0.255124	0.255797	-1	-1	-1	-1
t = 0.009200	N = 5
3.149023	0.769790	0.164796	-0.365811	-1	-1	-1	-1
-2.586075	-4.306783	0.352770	0.417372	-1	-1	-1	-1
-3.066418	1.202336	-0.061976	0.256311	-1	-1	-1	-1
4.362884	3.863301	0.071553	-0.314429	-1	-1	-1	-1
4.086154	-2.398369	0.252527	0.257754	-1	-1	-1	-1
t = 0.009300	N = 5
3.138286	0.777888	0.187099	-0.382950	-1	-1	-1	-1
-2.595787	-4.295685	0.354568	0.416382	-1	-1	-1	-1
-3.068039	1.194218	-0.060917	0.258639	-1	-1	-1	-1
4.367740	3.865280	0.065965	-0.314878	-1	-1	-1	-1
4.084850	-2.399457	0.247640	0.247317	-1	-1	-1	-1
t = 0.009400	N = 5
3.134899	0.777818	0.199037	-0.381593	-1	-1	-1	-1
-2.605064	-4.288647	0.356565	0.413158	-1	-1	-1	-1
-3.071642	1.187175	-0.049263	0.267889	-1	-1	-1	-1
4.367268	3.862968	0.070329	-0.311688	-1	-1	-1	-1
4.079392	-2.405430	0.252042	0.249006	-1	-1	-1	-1
t = 0.009500	N = 5
3.143524	0.773064	0.200873	-0.365390	-1	-1	-1	-1
-2.610907	-4.273282	0.354630	0.398080	-1	-1	-1	-1
-3.067555	1.191365	-0.038390	0.269076	-1	-1	-1	-1
4.368692	3.861643	0.066935	-0.321765	-1	-1	-1	-1
4.067288	-2.412726	0.268063	0.258064	-1	-1	-1	-1
t = 0.009600	N = 5
3.154485	0.768307	0.193393	-0.356005	-1	-1	-1	-1
-2.605683	-4.257857	0.337624	0.383476	-1	-1	-1	-1
-3.074829	1.189956	-0.026809	0.268913	-1	-1	-1	-1
4.372759	3.868281	0.063526	-0.338218	-1	-1	-1	-1
4.062093	-2.418911	0.277166	0.256958	-1	-1	-1	-1
t = 0.009700	N = 5
3.149913	0.765659	0.196604	-0.352864	-1	-1	-1	-1
-2.600985	-4.262971	0.317760	0.397862	-1	-1	-1	-1
-3.080908	1.191056	-0.015219	0.259441	-1	-1	-1	-1
4.372381	3.866422	0.067417	-0.343404	-1	-1	-1	-1
4.057823	-2.413940	0.287238	0.240038	-1	-1	-1	-1
t = 0.009800	N = 5
3.137964	0.771855	0.217097	-0.363914	-1	-1	-1	-1
-2.602141	-4.272618	0.316563	0.416961	-1	-1	-1	-1
-3.079610	1.197120	-0.017797	0.246762	-1	-1	-1	-1
4.383286	3.854038	0.065422	-0.335732	-1	-1	-1	-1
4.061263	-2.398289	0.288139	0.231333	-1	-1	-1	-1
t = 0.009900	N = 5
3.141480	0.783355	0.228653	-0.375363	-1	-1	-1	-1
-2.592740	-4.278003	0.311107	0.419301	-1	-1	-1	-1
-3.081376	1.203365	-0.020714	0.241489	-1	-1	-1	-1
4.394929	3.864022	0.073134	-0.349501	-1	-1	-1	-1
4.063878	-2.391808	0.282781	0.242718	-1	-1	-1	-1
t = 0.010000	N = 5
3.148355	0.787089	0.229958	-0.375922	-1	-1	-1	-1
-2.588662	-4.278959	0.311188	0.413111	-1	-1	-1	-1
-3.078121	1.204285	-0.021489	0.248870	-1	-1	-1	-1
4.395028	3.885428	0.091211	-0.379471	-1	-1	-1	-1
4.054746	-2.393679	0.292249	0.252826	-1	-1	-1	-1
