t = 0.000000	N = 5
4.871239	1.243145	-0.092554	0.118041	-1	-1	-1	-1
-1.730027	-0.931079	-0.063784	-0.135763	-1	-1	-1	-1
-0.177507	-0.339944	0.116097	-0.094981	-1	-1	-1	-1
-3.151706	4.462438	0.138191	0.058337	-1	-1	-1	-1
-2.002834	0.269655	0.146952	-0.030084	-1	-1	-1	-1
t = 0.000100	N = 5
4.870509	1.236065	-0.098877	0.123773	-1	-1	-1	-1
-1.741912	-0.925386	-0.052493	-0.141176	-1	-1	-1	-1
-0.176582	-0.340284	0.116978	-0.093270	-1	-1	-1	-1
-3.159178	4.469537	0.129069	0.066165	-1	-1	-1	-1
-2.000994	0.266270	0.151661	-0.021653	-1	-1	-1	-1
t = 0.000200	N = 5
4.863130	1.235285	-0.108220	0.123641	-1	-1	-1	-1
-1.757951	-0.919186	-0.033615	-0.136396	-1	-1	-1	-1
-0.173733	-0.341557	0.119734	-0.092893	-1	-1	-1	-1
-3.163539	4.491685	0.109577	0.046575	-1	-1	-1	-1
-2.015766	0.252976	0.173238	-0.000520	-1	-1	-1	-1
t = 0.000300	N = 5
4.851187	1.244784	-0.105198	0.104329	-1	-1	-1	-1
-1.775707	-0.917756	-0.016409	-0.125061	-1	-1	-1	-1
-0.176650	-0.347105	0.120246	-0.108376	-1	-1	-1	-1
-3.165664	4.495416	0.095479	0.024186	-1	-1	-1	-1
-2.038326	0.252956	0.213545	0.003232	-1	-1	-1	-1
t = 0.000400	N = 5
4.864613	1.250339	-0.113576	0.077741	-1	-1	-1	-1
-1.786011	-0.921172	-0.012210	-0.118413	-1	-1	-1	-1
-0.178343	-0.353969	0.123906	-0.121504	-1	-1	-1	-1
-3.184695	4.480262	0.108306	0.027923	-1	-1	-1	-1
-2.048577	0.281149	0.234199	-0.015018	-1	-1	-1	-1
t = 0.000500	N = 5
4.889931	1.258789	-0.135805	0.061690	-1	-1	-1	-1
-1.769999	-0.930522	-0.029582	-0.105522	-1	-1	-1	-1
-0.180036	-0.360293	0.131627	-0.110171	-1	-1	-1	-1
-3.203311	4.482951	0.129060	0.025802	-1	-1	-1	-1
-2.066086	0.294325	0.245840	-0.016299	-1	-1	-1	-1
t = 0.000600	N = 5
4.895864	1.283589	-0.150452	0.029330	-1	-1	-1	-1
-1.755755	-0.945114	-0.038657	-0.108514	-1	-1	-1	-1
-0.193105	-0.378701	0.128604	-0.080550	-1	-1	-1	-1
-3.197923	4.489839	0.136812	0.025363	-1	-1	-1	-1
-2.077279	0.300415	0.240951	-0.017828	-1	-1	-1	-1
t = 0.000700	N = 5
4.903029	1.292016	-0.166733	0.009591	-1	-1	-1	-1
-1.745672	-0.956365	-0.039463	-0.118558	-1	-1	-1	-1
-0.200397	-0.400238	0.140025	-0.045438	-1	-1	-1	-1
-3.197243	4.482553	0.148713	0.034562	-1	-1	-1	-1
-2.077099	0.313411	0.219758	-0.029446	-1	-1	-1	-1
t = 0.000800	N = 5
4.914955	1.291064	-0.164352	-0.003576	-1	-1	-1	-1
-1.746878	-0.956437	-0.031142	-0.117686	-1	-1	-1	-1
-0.199697	-0.398698	0.165421	-0.028585	-1	-1	-1	-1
-3.215822	4.476798	0.171786	0.035616	-1	-1	-1	-1
-2.081061	0.309058	0.221129	-0.018916	-1	-1	-1	-1
t = 0.000900	N = 5
4.918498	1.285356	-0.155755	-0.012299	-1	-1	-1	-1
-1.760493	-0.981199	-0.013640	-0.076267	-1	-1	-1	-1
-0.204036	-0.389209	0.175854	-0.032279	-1	-1	-1	-1
-3.224578	4.485405	0.171228	0.022076	-1	-1	-1	-1
-2.069923	0.313448	0.220293	-0.006198	-1	-1	-1	-1
t = 0.001000	N = 5
4.908751	1.267321	-0.142181	-0.004554	-1	-1	-1	-1
-1.772168	-1.009405	-0.006752	-0.033472	-1	-1	-1	-1
-0.204302	-0.392746	0.177079	-0.036570	-1	-1	-1	-1
-3.207364	4.494270	0.147309	0.012441	-1	-1	-1	-1
-2.057146	0.323175	0.218594	-0.007291	-1	-1	-1	-1
t = 0.001100	N = 5
4.890546	1.259892	-0.103228	-0.006513	-1	-1	-1	-1
-1.774765	-1.018800	-0.023204	-0.020721	-1	-1	-1	-1
-0.188240	-0.397213	0.172184	-0.038773	-1	-1	-1	-1
-3.179542	4.501135	0.133733	0.005919	-1	-1	-1	-1
-2.050035	0.327172	0.214362	-0.009244	-1	-1	-1	-1
t = 0.001200	N = 5
4.898253	1.263058	-0.090053	-0.018192	-1	-1	-1	-1
-1.769251	-1.033186	-0.052145	0.003110	-1	-1	-1	-1
-0.171170	-0.413045	0.140864	-0.020645	-1	-1	-1	-1
-3.170176	4.509041	0.108120	-0.002330	-1	-1	-1	-1
-2.039765	0.327015	0.210467	-0.000170	-1	-1	-1	-1
t = 0.001300	N = 5
4.893399	1.256089	-0.072275	-0.025707	-1	-1	-1	-1
-1.766707	-1.038617	-0.087524	0.014781	-1	-1	-1	-1
-0.179702	-0.442100	0.126913	0.016128	-1	-1	-1	-1
-3.169374	4.501269	0.090616	-0.004546	-1	-1	-1	-1
-2.032194	0.320872	0.208148	-0.003629	-1	-1	-1	-1
t = 0.001400	N = 5
4.875943	1.243436	-0.061713	-0.030737	-1	-1	-1	-1
-1.764696	-1.041301	-0.107527	0.020063	-1	-1	-1	-1
-0.202964	-0.455310	0.152366	0.011699	-1	-1	-1	-1
-3.169497	4.497882	0.079690	-0.002163	-1	-1	-1	-1
-2.029899	0.317882	0.193610	-0.014857	-1	-1	-1	-1
t = 0.001500	N = 5
4.877872	1.249370	-0.082250	-0.047333	-1	-1	-1	-1
-1.766162	-1.055661	-0.100809	0.039675	-1	-1	-1	-1
-0.214628	-0.452596	0.153379	-0.016867	-1	-1	-1	-1
-3.172065	4.500067	0.041274	-0.002191	-1	-1	-1	-1
-2.037752	0.315303	0.185226	-0.002862	-1	-1	-1	-1
t = 0.001600	N = 5
4.888422	1.256579	-0.102226	-0.065213	-1	-1	-1	-1
-1.766763	-1.064942	-0.105226	0.042023	-1	-1	-1	-1
-0.193855	-0.453212	0.117308	-0.030466	-1	-1	-1	-1
-3.171634	4.494089	0.004912	0.000481	-1	-1	-1	-1
-2.034645	0.316860	0.172025	0.021078	-1	-1	-1	-1
t = 0.001700	N = 5
4.897221	1.263157	-0.107571	-0.098803	-1	-1	-1	-1
-1.778103	-1.090949	-0.097619	0.049941	-1	-1	-1	-1
-0.164165	-0.450025	0.078308	-0.025897	-1	-1	-1	-1
-3.178575	4.493289	-0.000117	-0.002730	-1	-1	-1	-1
-2.014588	0.327629	0.145196	0.026110	-1	-1	-1	-1
t = 0.001800	N = 5
4.898423	1.259392	-0.123094	-0.107438	-1	-1	-1	-1
-1.790907	-1.126511	-0.084261	0.077449	-1	-1	-1	-1
-0.141891	-0.443814	0.046151	-0.010148	-1	-1	-1	-1
-3.179656	4.511099	0.014194	-0.038218	-1	-1	-1	-1
-2.003005	0.322535	0.127710	0.019450	-1	-1	-1	-1
t = 0.001900	N = 5
4.902353	1.245008	-0.148058	-0.078788	-1	-1	-1	-1
-1.794520	-1.128156	-0.070000	0.083289	-1	-1	-1	-1
-0.129195	-0.446637	0.040697	-0.010329	-1	-1	-1	-1
-3.182067	4.518692	0.019267	-0.061441	-1	-1	-1	-1
-2.003038	0.311327	0.123069	0.017975	-1	-1	-1	-1
t = 0.002000	N = 5
4.894360	1.241296	-0.136516	-0.061741	-1	-1	-1	-1
-1.795077	-1.101481	-0.059660	0.051421	-1	-1	-1	-1
-0.149896	-0.444022	0.064049	-0.024274	-1	-1	-1	-1
-3.191821	4.524069	0.016494	-0.076578	-1	-1	-1	-1
-2.000140	0.312191	0.129089	0.011308	-1	-1	-1	-1
t = 0.002100	N = 5
4.894812	1.257212	-0.130166	-0.076030	-1	-1	-1	-1
-1.775385	-1.068301	-0.080739	0.008316	-1	-1	-1	-1
-0.158320	-0.446792	0.070214	-0.012295	-1	-1	-1	-1
-3.202526	4.541977	0.027861	-0.111628	-1	-1	-1	-1
-2.021662	0.318046	0.169219	0.010257	-1	-1	-1	-1
t = 0.002200	N = 5
4.904784	1.267238	-0.127616	-0.080877	-1	-1	-1	-1
-1.763345	-1.046572	-0.093837	-0.004192	-1	-1	-1	-1
-0.148935	-0.460742	0.088517	0.017353	-1	-1	-1	-1
-3.208994	4.538146	0.039599	-0.118905	-1	-1	-1	-1
-2.057229	0.310948	0.230995	0.031635	-1	-1	-1	-1
t = 0.002300	N = 5
4.905488	1.254763	-0.123069	-0.080621	-1	-1	-1	-1
-1.762867	-1.038449	-0.079483	0.002212	-1	-1	-1	-1
-0.159758	-0.455117	0.123623	0.030062	-1	-1	-1	-1
-3.207715	4.528457	0.032611	-0.096997	-1	-1	-1	-1
-2.070299	0.291039	0.253803	0.051503	-1	-1	-1	-1
t = 0.002400	N = 5
4.891107	1.244621	-0.117195	-0.066134	-1	-1	-1	-1
-1.746922	-1.031436	-0.080528	-0.010153	-1	-1	-1	-1
-0.167141	-0.456017	0.134772	0.059102	-1	-1	-1	-1
-3.220206	4.540449	0.029755	-0.103952	-1	-1	-1	-1
-2.070980	0.285046	0.255462	0.056711	-1	-1	-1	-1
t = 0.002500	N = 5
4.874741	1.252492	-0.111434	-0.045444	-1	-1	-1	-1
-1.747772	-1.020286	-0.068510	-0.011875	-1	-1	-1	-1
-0.159733	-0.463507	0.155794	0.091194	-1	-1	-1	-1
-3.237572	4.572390	0.055914	-0.147471	-1	-1	-1	-1
-2.060651	0.291696	0.240876	0.060237	-1	-1	-1	-1
t = 0.002600	N = 5
4.856065	1.246866	-0.092942	-0.025805	-1	-1	-1	-1
-1.761189	-1.011014	-0.048770	0.001245	-1	-1	-1	-1
-0.167161	-0.464011	0.178079	0.114996	-1	-1	-1	-1
-3.231295	4.586423	0.060320	-0.180219	-1	-1	-1	-1
-2.060584	0.300583	0.218831	0.058040	-1	-1	-1	-1
t = 0.002700	N = 5
4.836061	1.229122	-0.060767	-0.007919	-1	-1	-1	-1
-1.772170	-1.013436	-0.039261	0.002131	-1	-1	-1	-1
-0.168162	-0.461598	0.167158	0.130011	-1	-1	-1	-1
-3.223876	4.585142	0.043683	-0.189104	-1	-1	-1	-1
-2.052940	0.289021	0.198845	0.081085	-1	-1	-1	-1
t = 0.002800	N = 5
4.840447	1.220825	-0.065522	-0.017188	-1	-1	-1	-1
-1.772545	-1.022839	-0.038764	0.000916	-1	-1	-1	-1
-0.173919	-0.450426	0.172581	0.121011	-1	-1	-1	-1
-3.230711	4.588097	0.045797	-0.169521	-1	-1	-1	-1
-2.031180	0.264198	0.176509	0.106790	-1	-1	-1	-1
t = 0.002900	N = 5
4.872859	1.218985	-0.109103	-0.036207	-1	-1	-1	-1
-1.762209	-1.024566	-0.047337	0.002853	-1	-1	-1	-1
-0.197442	-0.442164	0.192004	0.108558	-1	-1	-1	-1
-3.233816	4.591723	0.056463	-0.131621	-1	-1	-1	-1
-2.018934	0.267661	0.161821	0.096756	-1	-1	-1	-1
t = 0.003000	N = 5
4.902888	1.216785	-0.134237	-0.036679	-1	-1	-1	-1
-1.760283	-1.021279	-0.038525	0.004870	-1	-1	-1	-1
-0.198811	-0.425996	0.186478	0.075927	-1	-1	-1	-1
-3.230320	4.590415	0.063612	-0.118802	-1	-1	-1	-1
-2.009292	0.286252	0.138219	0.089559	-1	-1	-1	-1
t = 0.003100	N = 5
4.916901	1.217488	-0.137326	-0.038622	-1	-1	-1	-1
-1.765161	-1.015192	-0.034369	-0.012642	-1	-1	-1	-1
-0.191742	-0.420289	0.176575	0.076935	-1	-1	-1	-1
-3.218377	4.595374	0.058525	-0.132558	-1	-1	-1	-1
-2.007295	0.300976	0.151805	0.099839	-1	-1	-1	-1
t = 0.003200	N = 5
4.931103	1.202741	-0.145863	-0.017469	-1	-1	-1	-1
-1.779624	-1.007626	-0.034687	-0.031383	-1	-1	-1	-1
-0.192430	-0.425743	0.179066	0.104164	-1	-1	-1	-1
-3.214395	4.621895	0.045379	-0.164761	-1	-1	-1	-1
-2.007485	0.309233	0.176780	0.109205	-1	-1	-1	-1
t = 0.003300	N = 5
4.943374	1.196423	-0.156832	-0.003577	-1	-1	-1	-1
-1.788190	-1.007501	-0.040347	-0.031688	-1	-1	-1	-1
-0.200628	-0.417967	0.187990	0.101991	-1	-1	-1	-1
-3.206928	4.629573	0.024339	-0.191497	-1	-1	-1	-1
-2.001626	0.303785	0.167920	0.118532	-1	-1	-1	-1
t = 0.003400	N = 5
4.956772	1.208583	-0.168085	-0.017937	-1	-1	-1	-1
-1.787164	-1.004254	-0.049746	-0.023897	-1	-1	-1	-1
-0.202717	-0.394448	0.189457	0.076932	-1	-1	-1	-1
-3.186234	4.639389	-0.000717	-0.221095	-1	-1	-1	-1
-1.978349	0.298093	0.133921	0.116026	-1	-1	-1	-1
t = 0.003500	N = 5
4.987994	1.208302	-0.193676	-0.015241	-1	-1	-1	-1
-1.767307	-0.992516	-0.075504	-0.034751	-1	-1	-1	-1
-0.193146	-0.377372	0.170581	0.045322	-1	-1	-1	-1
-3.183870	4.649414	-0.002461	-0.238659	-1	-1	-1	-1
-1.977452	0.304437	0.125376	0.095433	-1	-1	-1	-1
t = 0.003600	N = 5
-4.991911	1.203609	-0.201169	-0.004937	-1	-1	-1	-1
-1.748441	-0.970275	-0.086532	-0.092783	-1	-1	-1	-1
-0.184629	-0.373907	0.152877	0.035886	-1	-1	-1	-1
-3.209343	4.630053	0.022735	-0.216432	-1	-1	-1	-1
-1.985901	0.312087	0.123018	0.090025	-1	-1	-1	-1
t = 0.003700	N = 5
-4.996845	1.198514	-0.174241	0.023310	-1	-1	-1	-1
-1.760175	-0.961480	-0.067335	-0.114641	-1	-1	-1	-1
-0.179970	-0.374034	0.139658	0.037285	-1	-1	-1	-1
-3.220706	4.614083	0.037874	-0.178552	-1	-1	-1	-1
-1.980082	0.318051	0.093502	0.070395	-1	-1	-1	-1
t = 0.003800	N = 5
4.992539	1.187420	-0.146331	0.044236	-1	-1	-1	-1
-1.771282	-0.967449	-0.063313	-0.111469	-1	-1	-1	-1
-0.200713	-0.371260	0.149344	0.027811	-1	-1	-1	-1
-3.215765	4.607547	0.065755	-0.163334	-1	-1	-1	-1
-1.990592	0.325857	0.083732	0.035104	-1	-1	-1	-1
t = 0.003900	N = 5
4.968105	1.191520	-0.111049	0.043934	-1	-1	-1	-1
-1.773056	-0.965916	-0.057190	-0.134052	-1	-1	-1	-1
-0.222953	-0.368664	0.172508	0.025905	-1	-1	-1	-1
-3.200435	4.613761	0.083370	-0.180203	-1	-1	-1	-1
-2.002923	0.307991	0.088262	0.039289	-1	-1	-1	-1
t = 0.004000	N = 5
4.955796	1.206000	-0.119131	0.023533	-1	-1	-1	-1
-1.777177	-0.957875	-0.019915	-0.138652	-1	-1	-1	-1
-0.229029	-0.376347	0.177491	0.056049	-1	-1	-1	-1
-3.190876	4.618004	0.062785	-0.176604	-1	-1	-1	-1
-2.013732	0.301667	0.115156	0.044902	-1	-1	-1	-1
t = 0.004100	N = 5
4.966453	1.199859	-0.151302	0.012795	-1	-1	-1	-1
-1.791780	-0.956181	0.002271	-0.135378	-1	-1	-1	-1
-0.223462	-0.388302	0.184855	0.091709	-1	-1	-1	-1
-3.196589	4.606518	0.037352	-0.153031	-1	-1	-1	-1
-2.023356	0.325363	0.151956	0.029245	-1	-1	-1	-1
t = 0.004200	N = 5
4.966173	1.201219	-0.143975	0.017225	-1	-1	-1	-1
-1.806168	-0.955705	-0.007861	-0.152526	-1	-1	-1	-1
-0.216913	-0.399247	0.207056	0.103260	-1	-1	-1	-1
-3.181290	4.606284	0.001707	-0.157721	-1	-1	-1	-1
-2.024491	0.333788	0.160210	0.033007	-1	-1	-1	-1
t = 0.004300	N = 5
4.966496	1.193609	-0.143775	0.033766	-1	-1	-1	-1
-1.810722	-0.947023	-0.006828	-0.172172	-1	-1	-1	-1
-0.242461	-0.386732	0.261937	0.096615	-1	-1	-1	-1
-3.181800	4.603985	0.008979	-0.153704	-1	-1	-1	-1
-2.003551	0.329435	0.119500	0.038648	-1	-1	-1	-1
t = 0.004400	N = 5
4.980822	1.178003	-0.156629	0.055562	-1	-1	-1	-1
-1.799967	-0.949445	-0.013927	-0.159335	-1	-1	-1	-1
-0.250865	-0.360550	0.275550	0.080383	-1	-1	-1	-1
-3.193429	4.593293	0.024162	-0.122919	-1	-1	-1	-1
-1.990800	0.336542	0.096883	0.006544	-1	-1	-1	-1
t = 0.004500	N = 5
4.988679	1.174651	-0.158628	0.072297	-1	-1	-1	-1
-1.787432	-0.962574	-0.035866	-0.133650	-1	-1	-1	-1
-0.240520	-0.349301	0.246622	0.065727	-1	-1	-1	-1
-3.177947	4.588525	-0.002640	-0.114270	-1	-1	-1	-1
-1.995446	0.347240	0.104866	-0.044001	-1	-1	-1	-1
t = 0.004600	N = 5
4.995401	1.169464	-0.164453	0.098639	-1	-1	-1	-1
-1.788813	-0.979318	-0.032597	-0.109654	-1	-1	-1	-1
-0.233643	-0.340675	0.224296	0.065226	-1	-1	-1	-1
-3.157185	4.577260	-0.018138	-0.120690	-1	-1	-1	-1
-1.994045	0.363390	0.100538	-0.088991	-1	-1	-1	-1
t = 0.004700	N = 5
-4.993773	1.164172	-0.169273	0.109484	-1	-1	-1	-1
-1.797177	-0.978858	-0.014808	-0.110798	-1	-1	-1	-1
-0.223215	-0.340830	0.199009	0.072576	-1	-1	-1	-1
-3.159224	4.572026	0.004027	-0.134911	-1	-1	-1	-1
-1.991993	0.374144	0.092225	-0.100204	-1	-1	-1	-1
t = 0.004800	N = 5
-4.975876	1.153443	-0.186188	0.112911	-1	-1	-1	-1
-1.803907	-0.968432	0.002295	-0.140021	-1	-1	-1	-1
-0.216468	-0.356499	0.191830	0.091921	-1	-1	-1	-1
-3.179360	4.576738	0.052653	-0.143991	-1	-1	-1	-1
-1.988534	0.354462	0.085673	-0.051314	-1	-1	-1	-1
t = 0.004900	N = 5
-4.960512	1.134369	-0.221051	0.143212	-1	-1	-1	-1
-1.810948	-0.952620	0.030610	-0.158395	-1	-1	-1	-1
-0.214491	-0.367529	0.171357	0.098322	-1	-1	-1	-1
-3.198589	4.577656	0.076388	-0.128970	-1	-1	-1	-1
-1.981945	0.333959	0.074631	-0.012909	-1	-1	-1	-1
t = 0.005000	N = 5
-4.964369	1.132941	-0.228581	0.153653	-1	-1	-1	-1
-1.813480	-0.938986	0.049942	-0.174039	-1	-1	-1	-1
-0.194822	-0.368677	0.125831	0.082514	-1	-1	-1	-1
-3.206425	4.567523	0.062351	-0.097549	-1	-1	-1	-1
-1.980227	0.331123	0.063014	-0.011847	-1	-1	-1	-1
t = 0.005100	N = 5
-4.963783	1.157839	-0.221197	0.128120	-1	-1	-1	-1
-1.805696	-0.934967	0.054451	-0.195946	-1	-1	-1	-1
-0.173630	-0.359555	0.108844	0.062046	-1	-1	-1	-1
-3.226775	4.569362	0.089091	-0.104932	-1	-1	-1	-1
-1.991689	0.335797	0.076910	-0.027151	-1	-1	-1	-1
t = 0.005200	N = 5
-4.967149	1.186130	-0.193921	0.105824	-1	-1	-1	-1
-1.793195	-0.924565	0.058868	-0.202897	-1	-1	-1	-1
-0.176992	-0.360453	0.125226	0.060206	-1	-1	-1	-1
-3.247389	4.581806	0.129266	-0.140316	-1	-1	-1	-1
-1.998668	0.345395	0.099517	-0.058000	-1	-1	-1	-1
t = 0.005300	N = 5
-4.984553	1.197745	-0.177360	0.086307	-1	-1	-1	-1
-1.776982	-0.931865	0.043922	-0.173174	-1	-1	-1	-1
-0.180219	-0.389886	0.139278	0.098021	-1	-1	-1	-1
-3.274836	4.574772	0.156889	-0.128868	-1	-1	-1	-1
-1.991773	0.349009	0.098221	-0.072219	-1	-1	-1	-1
t = 0.005400	N = 5
-4.997442	1.189479	-0.183367	0.099349	-1	-1	-1	-1
-1.787042	-0.942818	0.034109	-0.152397	-1	-1	-1	-1
-0.175634	-0.409275	0.139390	0.138052	-1	-1	-1	-1
-3.300442	4.561250	0.175985	-0.098489	-1	-1	-1	-1
-1.982429	0.340022	0.088591	-0.060425	-1	-1	-1	-1
t = 0.005500	N = 5
4.998167	1.175354	-0.175315	0.125966	-1	-1	-1	-1
-1.810352	-0.932252	0.049344	-0.169379	-1	-1	-1	-1
-0.184899	-0.405271	0.163346	0.135819	-1	-1	-1	-1
-3.303967	4.563463	0.182070	-0.092923	-1	-1	-1	-1
-1.982679	0.334869	0.106745	-0.058940	-1	-1	-1	-1
t = 0.005600	N = 5
4.985342	1.164217	-0.159246	0.128180	-1	-1	-1	-1
-1.825776	-0.929114	0.069187	-0.168444	-1	-1	-1	-1
-0.190027	-0.412318	0.189824	0.127672	-1	-1	-1	-1
-3.315577	4.558892	0.194509	-0.074431	-1	-1	-1	-1
-1.973350	0.326195	0.132356	-0.059548	-1	-1	-1	-1
t = 0.005700	N = 5
4.995343	1.156246	-0.183996	0.136291	-1	-1	-1	-1
-1.848215	-0.944100	0.093430	-0.136636	-1	-1	-1	-1
-0.188987	-0.418804	0.204680	0.125173	-1	-1	-1	-1
-3.325765	4.540960	0.198097	-0.041142	-1	-1	-1	-1
-1.950795	0.297949	0.115398	-0.031712	-1	-1	-1	-1
t = 0.005800	N = 5
-4.982208	1.144718	-0.233030	0.140430	-1	-1	-1	-1
-1.850668	-0.971360	0.112591	-0.094920	-1	-1	-1	-1
-0.191350	-0.407410	0.226971	0.096803	-1	-1	-1	-1
-3.323323	4.541962	0.195863	-0.028927	-1	-1	-1	-1
-1.942517	0.269831	0.087259	0.002701	-1	-1	-1	-1
t = 0.005900	N = 5
-4.994884	1.138026	-0.237634	0.130808	-1	-1	-1	-1
-1.831537	-0.984893	0.113536	-0.078260	-1	-1	-1	-1
-0.168220	-0.407578	0.223292	0.084216	-1	-1	-1	-1
-3.314573	4.554406	0.183257	-0.019579	-1	-1	-1	-1
-1.966994	0.255738	0.119045	0.016632	-1	-1	-1	-1
t = 0.006000	N = 5
4.998386	1.133394	-0.233122	0.134300	-1	-1	-1	-1
-1.814501	-0.986949	0.097914	-0.091447	-1	-1	-1	-1
-0.153059	-0.414866	0.195975	0.077058	-1	-1	-1	-1
-3.308286	4.557323	0.164358	-0.002386	-1	-1	-1	-1
-1.973869	0.242514	0.130357	0.017891	-1	-1	-1	-1
t = 0.006100	N = 5
4.999270	1.133898	-0.223414	0.118701	-1	-1	-1	-1
-1.800987	-1.005282	0.099243	-0.086812	-1	-1	-1	-1
-0.158893	-0.410035	0.175504	0.065607	-1	-1	-1	-1
-3.291791	4.557779	0.134443	0.000400	-1	-1	-1	-1
-1.957988	0.238184	0.112853	0.016285	-1	-1	-1	-1
t = 0.006200	N = 5
4.995240	1.154058	-0.227945	0.088316	-1	-1	-1	-1
-1.793717	-1.018740	0.116685	-0.072992	-1	-1	-1	-1
-0.163223	-0.402719	0.167033	0.039845	-1	-1	-1	-1
-3.284616	4.563966	0.133859	-0.014243	-1	-1	-1	-1
-1.955252	0.233530	0.126681	0.025494	-1	-1	-1	-1
t = 0.006300	N = 5
4.986273	1.182996	-0.215778	0.074618	-1	-1	-1	-1
-1.797821	-1.007349	0.128249	-0.082300	-1	-1	-1	-1
-0.176868	-0.396127	0.182832	0.011020	-1	-1	-1	-1
-3.289636	4.568802	0.156959	-0.022501	-1	-1	-1	-1
-1.946040	0.235009	0.134040	0.038744	-1	-1	-1	-1
t = 0.006400	N = 5
4.977172	1.193643	-0.175454	0.068320	-1	-1	-1	-1
-1.807886	-1.004417	0.128913	-0.093555	-1	-1	-1	-1
-0.178676	-0.382753	0.195371	0.017537	-1	-1	-1	-1
-3.278872	4.568698	0.145767	-0.011204	-1	-1	-1	-1
-1.938526	0.232678	0.131567	0.059492	-1	-1	-1	-1
t = 0.006500	N = 5
4.981899	1.191706	-0.165475	0.065360	-1	-1	-1	-1
-1.804238	-1.000571	0.107547	-0.108158	-1	-1	-1	-1
-0.169833	-0.378257	0.184765	0.015906	-1	-1	-1	-1
-3.278967	4.569068	0.130098	0.008911	-1	-1	-1	-1
-1.939137	0.211316	0.159267	0.096840	-1	-1	-1	-1
t = 0.006600	N = 5
4.978859	1.177928	-0.160304	0.082928	-1	-1	-1	-1
-1.786458	-0.971881	0.087272	-0.130895	-1	-1	-1	-1
-0.163047	-0.372850	0.159054	0.018061	-1	-1	-1	-1
-3.308418	4.578009	0.152220	0.013699	-1	-1	-1	-1
-1.944422	0.201329	0.188987	0.127688	-1	-1	-1	-1
t = 0.006700	N = 5
4.974455	1.156002	-0.156503	0.103602	-1	-1	-1	-1
-1.778253	-0.958308	0.082893	-0.137588	-1	-1	-1	-1
-0.156585	-0.350986	0.134940	0.009923	-1	-1	-1	-1
-3.324383	4.580206	0.164772	0.009302	-1	-1	-1	-1
-1.952149	0.218977	0.187835	0.121576	-1	-1	-1	-1
t = 0.006800	N = 5
4.985856	1.145863	-0.169237	0.118069	-1	-1	-1	-1
-1.772384	-0.966433	0.063405	-0.134406	-1	-1	-1	-1
-0.146256	-0.337137	0.122538	-0.027736	-1	-1	-1	-1
-3.312035	4.585889	0.155185	-0.008602	-1	-1	-1	-1
-1.945025	0.241478	0.184404	0.098792	-1	-1	-1	-1
t = 0.006900	N = 5
4.991294	1.153502	-0.170135	0.122240	-1	-1	-1	-1
-1.766288	-0.963677	0.063533	-0.152195	-1	-1	-1	-1
-0.140134	-0.341078	0.122571	-0.037307	-1	-1	-1	-1
-3.320932	4.601303	0.167524	-0.037337	-1	-1	-1	-1
-1.931991	0.242194	0.171831	0.101282	-1	-1	-1	-1
t = 0.007000	N = 5
4.982061	1.169397	-0.164447	0.098568	-1	-1	-1	-1
-1.771296	-0.960305	0.073052	-0.158105	-1	-1	-1	-1
-0.159027	-0.344273	0.154562	-0.028699	-1	-1	-1	-1
-3.348978	4.615334	0.188535	-0.059749	-1	-1	-1	-1
-1.924291	0.241911	0.151167	0.103594	-1	-1	-1	-1
t = 0.007100	N = 5
4.971558	1.163134	-0.165812	0.117328	-1	-1	-1	-1
-1.783407	-0.970418	0.089188	-0.142091	-1	-1	-1	-1
-0.170018	-0.333773	0.178208	-0.035812	-1	-1	-1	-1
-3.357719	4.634514	0.171008	-0.072720	-1	-1	-1	-1
-1.920659	0.250788	0.156084	0.093455	-1	-1	-1	-1
t = 0.007200	N = 5
4.965781	1.162670	-0.165805	0.148888	-1	-1	-1	-1
-1.788756	-0.980622	0.104330	-0.139005	-1	-1	-1	-1
-0.173223	-0.317207	0.180918	-0.034439	-1	-1	-1	-1
-3.340568	4.637208	0.132457	-0.064192	-1	-1	-1	-1
-1.910488	0.258705	0.155324	0.079132	-1	-1	-1	-1
t = 0.007300	N = 5
4.958238	1.162520	-0.161834	0.154656	-1	-1	-1	-1
-1.789780	-0.989688	0.114123	-0.130722	-1	-1	-1	-1
-0.172231	-0.297802	0.172793	-0.028261	-1	-1	-1	-1
-3.309099	4.645562	0.097857	-0.059575	-1	-1	-1	-1
-1.893363	0.263963	0.125592	0.062331	-1	-1	-1	-1
t = 0.007400	N = 5
4.949592	1.155830	-0.142899	0.142437	-1	-1	-1	-1
-1.809216	-1.003655	0.164600	-0.108149	-1	-1	-1	-1
-0.164841	-0.287526	0.165355	-0.043761	-1	-1	-1	-1
-3.301286	4.672319	0.073017	-0.077134	-1	-1	-1	-1
-1.906070	0.259196	0.121738	0.061468	-1	-1	-1	-1
t = 0.007500	N = 5
4.956718	1.173465	-0.142589	0.121938	-1	-1	-1	-1
-1.821209	-1.013937	0.193579	-0.106100	-1	-1	-1	-1
-0.161758	-0.291175	0.175040	-0.052498	-1	-1	-1	-1
-3.319940	4.675741	0.095122	-0.080813	-1	-1	-1	-1
-1.919538	0.244573	0.110006	0.086225	-1	-1	-1	-1
t = 0.007600	N = 5
4.962693	1.188328	-0.151236	0.109442	-1	-1	-1	-1
-1.827845	-1.012902	0.202728	-0.126385	-1	-1	-1	-1
-0.165806	-0.288625	0.186661	-0.075990	-1	-1	-1	-1
-3.333584	4.662369	0.118368	-0.066218	-1	-1	-1	-1
-1.910476	0.239899	0.083256	0.112211	-1	-1	-1	-1
t = 0.007700	N = 5
4.974417	1.182538	-0.154384	0.136408	-1	-1	-1	-1
-1.846622	-1.025788	0.223029	-0.130694	-1	-1	-1	-1
-0.169638	-0.288345	0.184055	-0.096358	-1	-1	-1	-1
-3.336559	4.645021	0.125112	-0.038061	-1	-1	-1	-1
-1.905656	0.252493	0.072286	0.108317	-1	-1	-1	-1
t = 0.007800	N = 5
4.983801	1.170048	-0.155303	0.186585	-1	-1	-1	-1
-1.853658	-1.031270	0.221398	-0.133559	-1	-1	-1	-1
-0.171481	-0.290520	0.189580	-0.089715	-1	-1	-1	-1
-3.346943	4.629054	0.142441	-0.004056	-1	-1	-1	-1
-1.893066	0.265326	0.070065	0.073700	-1	-1	-1	-1
t = 0.007900	N = 5
4.968130	1.173093	-0.135193	0.167797	-1	-1	-1	-1
-1.853754	-1.021351	0.203739	-0.141621	-1	-1	-1	-1
-0.174706	-0.285436	0.199876	-0.098703	-1	-1	-1	-1
-3.353184	4.627132	0.141246	0.001399	-1	-1	-1	-1
-1.888302	0.261199	0.092946	0.067376	-1	-1	-1	-1
t = 0.008000	N = 5
4.956346	1.183539	-0.105742	0.130291	-1	-1	-1	-1
-1.855755	-1.005879	0.194699	-0.162661	-1	-1	-1	-1
-0.173803	-0.281501	0.193851	-0.113464	-1	-1	-1	-1
-3.354344	4.632910	0.122847	0.002102	-1	-1	-1	-1
-1.888662	0.252568	0.101210	0.078838	-1	-1	-1	-1
t = 0.008100	N = 5
4.954895	1.190283	-0.099002	0.115382	-1	-1	-1	-1
-1.848583	-0.998068	0.169261	-0.171572	-1	-1	-1	-1
-0.173989	-0.277024	0.175910	-0.132486	-1	-1	-1	-1
-3.364933	4.631224	0.129823	0.016033	-1	-1	-1	-1
-1.889141	0.231129	0.095774	0.089821	-1	-1	-1	-1
t = 0.008200	N = 5
4.951592	1.191262	-0.094908	0.111359	-1	-1	-1	-1
-1.846604	-1.014134	0.153238	-0.156277	-1	-1	-1	-1
-0.183499	-0.278272	0.159973	-0.146251	-1	-1	-1	-1
-3.380033	4.636689	0.145733	0.006415	-1	-1	-1	-1
-1.899360	0.219412	0.110459	0.102993	-1	-1	-1	-1
t = 0.008300	N = 5
4.941422	1.176053	-0.061682	0.136953	-1	-1	-1	-1
-1.851596	-1.014358	0.158641	-0.144765	-1	-1	-1	-1
-0.190782	-0.276944	0.156915	-0.145250	-1	-1	-1	-1
-3.399598	4.640178	0.154321	0.003981	-1	-1	-1	-1
-1.895808	0.219065	0.126023	0.129166	-1	-1	-1	-1
t = 0.008400	N = 5
4.921273	1.168294	-0.027630	0.162065	-1	-1	-1	-1
-1.871996	-1.007251	0.178474	-0.121363	-1	-1	-1	-1
-0.202956	-0.267515	0.177098	-0.164906	-1	-1	-1	-1
-3.412400	4.640115	0.160843	0.018110	-1	-1	-1	-1
-1.876345	0.213458	0.122570	0.148910	-1	-1	-1	-1
t = 0.008500	N = 5
4.901490	1.171494	-0.002289	0.175739	-1	-1	-1	-1
-1.899814	-1.016921	0.184746	-0.091461	-1	-1	-1	-1
-0.205299	-0.254721	0.182912	-0.198432	-1	-1	-1	-1
-3.426731	4.652691	0.157301	0.007588	-1	-1	-1	-1
-1.855827	0.223566	0.119698	0.130748	-1	-1	-1	-1
t = 0.008600	N = 5
4.900912	1.177819	0.008676	0.185811	-1	-1	-1	-1
-1.899138	-1.018764	0.144962	-0.080867	-1	-1	-1	-1
-0.200353	-0.259353	0.184706	-0.191647	-1	-1	-1	-1
-3.426470	4.653104	0.141472	-0.017014	-1	-1	-1	-1
-1.845616	0.232334	0.121319	0.109713	-1	-1	-1	-1
t = 0.008700	N = 5
4.905932	1.177209	0.021792	0.189809	-1	-1	-1	-1
-1.897314	-1.008451	0.121257	-0.078075	-1	-1	-1	-1
-0.214270	-0.279466	0.205495	-0.155922	-1	-1	-1	-1
-3.403141	4.644398	0.112924	-0.029031	-1	-1	-1	-1
-1.846236	0.234021	0.123787	0.098907	-1	-1	-1	-1
t = 0.008800	N = 5
4.919879	1.170723	-0.003809	0.188611	-1	-1	-1	-1
-1.914118	-1.002370	0.120161	-0.078044	-1	-1	-1	-1
-0.231385	-0.286901	0.212802	-0.134680	-1	-1	-1	-1
-3.386983	4.635497	0.093522	-0.026250	-1	-1	-1	-1
-1.851300	0.221899	0.131691	0.104039	-1	-1	-1	-1
t = 0.008900	N = 5
4.944752	1.175978	-0.069280	0.187895	-1	-1	-1	-1
-1.911080	-1.003791	0.096141	-0.087460	-1	-1	-1	-1
-0.245082	-0.286194	0.200594	-0.133052	-1	-1	-1	-1
-3.388377	4.617896	0.089360	-0.008037	-1	-1	-1	-1
-1.843731	0.193317	0.145333	0.102806	-1	-1	-1	-1
t = 0.009000	N = 5
4.945281	1.164853	-0.097832	0.200302	-1	-1	-1	-1
-1.893288	-1.017047	0.083472	-0.073577	-1	-1	-1	-1
-0.253692	-0.294224	0.199011	-0.108003	-1	-1	-1	-1
-3.391345	4.602986	0.102080	0.011520	-1	-1	-1	-1
-1.834388	0.177054	0.170093	0.092736	-1	-1	-1	-1
t = 0.009100	N = 5
4.935328	1.164203	-0.105760	0.199148	-1	-1	-1	-1
-1.895630	-1.041029	0.107238	-0.032250	-1	-1	-1	-1
-0.257900	-0.312315	0.202383	-0.081565	-1	-1	-1	-1
-3.403719	4.610133	0.121001	0.011541	-1	-1	-1	-1
-1.837366	0.171247	0.176404	0.099568	-1	-1	-1	-1
t = 0.009200	N = 5
4.947628	1.191532	-0.146072	0.174947	-1	-1	-1	-1
-1.911372	-1.048580	0.128999	-0.004279	-1	-1	-1	-1
-0.261724	-0.321921	0.201069	-0.090584	-1	-1	-1	-1
-3.425868	4.611825	0.121214	0.024538	-1	-1	-1	-1
-1.842708	0.167928	0.176966	0.100195	-1	-1	-1	-1
t = 0.009300	N = 5
4.965082	1.217892	-0.184990	0.170996	-1	-1	-1	-1
-1.915147	-1.041809	0.136301	0.010354	-1	-1	-1	-1
-0.269058	-0.321294	0.228812	-0.113908	-1	-1	-1	-1
-3.422805	4.614416	0.110814	0.018600	-1	-1	-1	-1
-1.850256	0.176770	0.192038	0.091383	-1	-1	-1	-1
t = 0.009400	N = 5
4.966727	1.222039	-0.195806	0.194885	-1	-1	-1	-1
-1.893728	-1.040445	0.121248	0.026296	-1	-1	-1	-1
-0.273185	-0.330541	0.242429	-0.113979	-1	-1	-1	-1
-3.404756	4.618201	0.090238	0.005908	-1	-1	-1	-1
-1.842755	0.182640	0.192066	0.083352	-1	-1	-1	-1
t = 0.009500	N = 5
4.974312	1.223710	-0.207091	0.190729	-1	-1	-1	-1
-1.869612	-1.055806	0.104542	0.051166	-1	-1	-1	-1
-0.270310	-0.343886	0.218266	-0.084831	-1	-1	-1	-1
-3.398544	4.605854	0.067958	0.023799	-1	-1	-1	-1
-1.839567	0.178927	0.201065	0.079765	-1	-1	-1	-1
t = 0.009600	N = 5
4.992589	1.240017	-0.209325	0.170665	-1	-1	-1	-1
-1.865951	-1.063527	0.113959	0.063903	-1	-1	-1	-1
-0.276596	-0.343264	0.210052	-0.093060	-1	-1	-1	-1
-3.388490	4.600378	0.055937	0.035105	-1	-1	-1	-1
-1.843971	0.172854	0.198482	0.083085	-1	-1	-1	-1
t = 0.009700	N = 5
4.989391	1.254742	-0.189869	0.157044	-1	-1	-1	-1
-1.876701	-1.054407	0.124610	0.053217	-1	-1	-1	-1
-0.276465	-0.337774	0.206399	-0.110042	-1	-1	-1	-1
-3.380580	4.593315	0.053396	0.053105	-1	-1	-1	-1
-1.843146	0.165213	0.176755	0.087633	-1	-1	-1	-1
t = 0.009800	N = 5
4.962677	1.258076	-0.146319	0.157851	-1	-1	-1	-1
-1.879945	-1.039453	0.126297	0.029493	-1	-1	-1	-1
-0.268116	-0.334635	0.190728	-0.102701	-1	-1	-1	-1
-3.378397	4.595433	0.053057	0.042200	-1	-1	-1	-1
-1.859533	0.175907	0.173533	0.067809	-1	-1	-1	-1
t = 0.009900	N = 5
4.948991	1.261501	-0.133199	0.148719	-1	-1	-1	-1
-1.888871	-1.021376	0.139075	0.000506	-1	-1	-1	-1
-0.264660	-0.334088	0.176894	-0.108812	-1	-1	-1	-1
-3.394515	4.606516	0.070524	0.018748	-1	-1	-1	-1
-1.870021	0.191774	0.171773	0.034176	-1	-1	-1	-1
t = 0.010000	N = 5
4.949176	1.283729	-0.152597	0.129306	-1	-1	-1	-1
-1.901916	-1.021126	0.148163	-0.009100	-1	-1	-1	-1
-0.260328	-0.346993	0.165873	-0.099403	-1	-1	-1	-1
-3.428515	4.599791	0.111836	0.027697	-1	-1	-1	-1
-1.874370	0.198927	0.181028	0.018688	-1	-1	-1	-1
