t = 0.000000	N = 8
0.000000	0.125000	0.125000	0
0.000000	0.125000	0.125000	1
t = 1.000000	N = 8
101515.444868	0.008193	101515.453061	0
98451.682969	0.003339	98451.686307	1
t = 2.000000	N = 8
38698.240287	0.014550	38698.254837	0
53462.132945	0.012520	53462.145465	1
t = 3.000000	N = 8
26567.249499	0.012340	26567.261839	0
174757.595634	0.019490	174757.615124	1
t = 4.000000	N = 8
131858.401550	0.011276	131858.412826	0
108254.952968	0.005440	108254.958408	1
t = 5.000000	N = 8
99184.160736	0.011399	99184.172134	0
47158.860401	0.008461	47158.868863	1
t = 6.000000	N = 8
111769.178624	0.009999	111769.188623	0
32165.289113	0.012293	32165.301407	1
t = 7.000000	N = 8
142125.125950	0.028655	142125.154606	0
80476.004138	0.003590	80476.007728	1
t = 8.000000	N = 8
90104.397028	0.012651	90104.409679	0
91154.982943	0.013254	91154.996198	1
t = 9.000000	N = 8
90575.767965	0.010061	90575.778026	0
94948.175550	0.008011	94948.183561	1
t = 10.000000	N = 8
25808.575887	0.032526	25808.608413	0
80586.641708	0.012732	80586.654440	1
t = 11.000000	N = 8
84672.071598	0.025831	84672.097429	0
67256.702011	0.001974	67256.703985	1
t = 12.000000	N = 8
106135.213782	0.012206	106135.225989	0
72802.895779	0.015297	72802.911076	1
t = 13.000000	N = 8
142351.061306	0.007710	142351.069016	0
46931.631663	0.005425	46931.637089	1
t = 14.000000	N = 8
123641.459353	0.028253	123641.487605	0
16868.367617	0.005634	16868.373252	1
t = 15.000000	N = 8
55654.093407	0.017595	55654.111002	0
53514.860340	0.019017	53514.879357	1
t = 16.000000	N = 8
58993.466478	0.006319	58993.472797	0
58761.914728	0.026754	58761.941482	1
t = 17.000000	N = 8
71512.318853	0.011066	71512.329918	0
83109.186813	0.011392	83109.198205	1
t = 18.000000	N = 8
45613.932262	0.013307	45613.945569	0
177215.693096	0.041330	177215.734426	1
t = 19.000000	N = 8
167539.946233	0.015167	167539.961400	0
50086.182551	0.006148	50086.188699	1
t = 20.000000	N = 8
54185.535831	0.016753	54185.552584	0
107913.037683	0.006998	107913.044681	1
t = 21.000000	N = 8
72518.599243	0.021231	72518.620474	0
104409.807478	0.005295	104409.812773	1
t = 22.000000	N = 8
69702.446762	0.012408	69702.459170	0
71519.870515	0.005714	71519.876228	1
t = 23.000000	N = 8
103196.330624	0.006217	103196.336841	0
67611.432774	0.025240	67611.458014	1
t = 24.000000	N = 8
153107.280059	0.003406	153107.283465	0
40865.879267	0.021269	40865.900536	1
t = 25.000000	N = 8
64403.756630	0.013038	64403.769668	0
66659.977751	0.003205	66659.980956	1
t = 26.000000	N = 8
132377.917676	0.007879	132377.925554	0
101540.272855	0.025854	101540.298709	1
t = 27.000000	N = 8
53105.308031	0.015666	53105.323698	0
160663.054655	0.019737	160663.074392	1
t = 28.000000	N = 8
84030.969728	0.013442	84030.983170	0
92521.072947	0.013280	92521.086227	1
t = 29.000000	N = 8
73830.063483	0.016768	73830.080251	0
101101.767698	0.011014	101101.778713	1
t = 30.000000	N = 8
80276.183699	0.024777	80276.208476	0
44707.802298	0.010736	44707.813033	1
t = 31.000000	N = 8
135782.304015	0.005488	135782.309503	0
65241.937069	0.050787	65241.987856	1
t = 32.000000	N = 8
94508.537955	0.013780	94508.551735	0
94659.629596	0.009957	94659.639553	1
t = 33.000000	N = 8
190732.658797	0.008480	190732.667278	0
94359.798522	0.011690	94359.810211	1
t = 34.000000	N = 8
86557.501496	0.007791	86557.509287	0
87720.987072	0.005158	87720.992230	1
t = 35.000000	N = 8
57026.697718	0.013230	57026.710948	0
71627.925314	0.014634	71627.939947	1
t = 36.000000	N = 8
56310.782600	0.013305	56310.795906	0
46008.135451	0.015549	46008.151000	1
t = 37.000000	N = 8
24645.028494	0.011798	24645.040292	0
117143.894924	0.007430	117143.902354	1
t = 38.000000	N = 8
73273.262139	0.015008	73273.277148	0
148906.302924	0.024176	148906.327100	1
t = 39.000000	N = 8
114753.417355	0.024882	114753.442237	0
148782.018906	0.006207	148782.025113	1
t = 40.000000	N = 8
72037.368479	0.006173	72037.374651	0
131839.140150	0.018088	131839.158238	1
t = 41.000000	N = 8
118671.765808	0.016407	118671.782214	0
82751.246973	0.012097	82751.259070	1
t = 42.000000	N = 8
30155.509078	0.006914	30155.515992	0
79282.909145	0.020847	79282.929991	1
t = 43.000000	N = 8
37840.970555	0.005847	37840.976402	0
117396.078842	0.016142	117396.094984	1
t = 44.000000	N = 8
142070.056935	0.027005	142070.083940	0
71881.444769	0.009786	71881.454555	1
t = 45.000000	N = 8
24086.498472	0.016735	24086.515207	0
36363.183438	0.020058	36363.203496	1
t = 46.000000	N = 8
102679.194744	0.034322	102679.229066	0
60038.616081	0.016963	60038.633044	1
t = 47.000000	N = 8
107786.341287	0.015884	107786.357171	0
91718.432610	0.009840	91718.442450	1
t = 48.000000	N = 8
140517.190970	0.008629	140517.199599	0
104061.803070	0.012359	104061.815429	1
t = 49.000000	N = 8
222229.808750	0.012170	222229.820920	0
76118.000279	0.023054	76118.023333	1
t = 50.000000	N = 8
131093.633154	0.020533	131093.653687	0
90239.819202	0.009333	90239.828535	1
t = 51.000000	N = 8
55149.963750	0.031166	55149.994916	0
87496.665499	0.030625	87496.696124	1
t = 52.000000	N = 8
68110.812273	0.010334	68110.822607	0
76106.975054	0.003886	76106.978940	1
t = 53.000000	N = 8
75433.060525	0.005053	75433.065578	0
91084.463697	0.001304	91084.465001	1
t = 54.000000	N = 8
71561.293230	0.022089	71561.315319	0
66204.442206	0.009400	66204.451605	1
t = 55.000000	N = 8
156025.672449	0.003668	156025.676117	0
47529.361609	0.020212	47529.381820	1
t = 56.000000	N = 8
78011.743167	0.016917	78011.760084	0
44849.126603	0.017181	44849.143784	1
t = 57.000000	N = 8
60643.840805	0.013566	60643.854371	0
102592.194123	0.008303	102592.202426	1
t = 58.000000	N = 8
94887.160223	0.016839	94887.177063	0
93456.418792	0.013880	93456.432673	1
t = 59.000000	N = 8
110876.848462	0.007178	110876.855641	0
99906.132702	0.005484	99906.138186	1
t = 60.000000	N = 8
154916.903856	0.024691	154916.928548	0
77113.733630	0.015829	77113.749459	1
t = 61.000000	N = 8
58179.935660	0.040401	58179.976061	0
141118.022827	0.011701	141118.034528	1
t = 62.000000	N = 8
163875.915226	0.016711	163875.931937	0
155402.184313	0.017420	155402.201734	1
t = 63.000000	N = 8
75227.120151	0.021742	75227.141894	0
46872.007617	0.010238	46872.017855	1
t = 64.000000	N = 8
110629.509475	0.029686	110629.539161	0
124252.609967	0.006424	124252.616391	1
t = 65.000000	N = 8
89972.804641	0.023480	89972.828121	0
114819.604552	0.009703	114819.614256	1
t = 66.000000	N = 8
77783.010917	0.008770	77783.019686	0
98479.727206	0.009510	98479.736715	1
t = 67.000000	N = 8
76544.158715	0.025950	76544.184665	0
104407.539478	0.015645	104407.555123	1
t = 68.000000	N = 8
67906.792009	0.008431	67906.800440	0
54447.951456	0.017667	54447.969123	1
t = 69.000000	N = 8
157799.765937	0.014331	157799.780268	0
42900.994896	0.024736	42901.019632	1
t = 70.000000	N = 8
38643.116593	0.005402	38643.121995	0
153809.216252	0.047866	153809.264118	1
t = 71.000000	N = 8
69697.013972	0.045072	69697.059044	0
94606.899784	0.002845	94606.902629	1
t = 72.000000	N = 8
41298.702462	0.010646	41298.713108	0
72310.868580	0.014125	72310.882705	1
t = 73.000000	N = 8
26597.918122	0.018233	26597.936356	0
136585.661260	0.025163	136585.686422	1
t = 74.000000	N = 8
147188.057968	0.014171	147188.072139	0
38703.282684	0.009664	38703.292347	1
t = 75.000000	N = 8
43462.045846	0.010658	43462.056504	0
66035.895240	0.011320	66035.906560	1
t = 76.000000	N = 8
90129.497906	0.005235	90129.503140	0
48629.448583	0.026794	48629.475376	1
t = 77.000000	N = 8
74567.426564	0.019165	74567.445729	0
67051.243554	0.012736	67051.256290	1
t = 78.000000	N = 8
70025.060013	0.018375	70025.078388	0
42249.849165	0.011863	42249.861028	1
t = 79.000000	N = 8
48533.387298	0.031777	48533.419075	0
74209.070536	0.015202	74209.085739	1
t = 80.000000	N = 8
112103.196569	0.006415	112103.202984	0
118529.118470	0.009869	118529.128339	1
t = 81.000000	N = 8
142553.850783	0.011168	142553.861952	0
44234.078399	0.007162	44234.085561	1
t = 82.000000	N = 8
72982.436267	0.012168	72982.448435	0
86346.561645	0.023540	86346.585185	1
t = 83.000000	N = 8
131813.031468	0.019341	131813.050809	0
153651.736118	0.010742	153651.746860	1
t = 84.000000	N = 8
116600.826029	0.018611	116600.844639	0
44792.898288	0.016350	44792.914638	1
t = 85.000000	N = 8
99284.553787	0.020268	99284.574055	0
91172.842476	0.007317	91172.849793	1
t = 86.000000	N = 8
69387.725282	0.029405	69387.754687	0
25969.046608	0.017137	25969.063745	1
t = 87.000000	N = 8
78302.036040	0.013803	78302.049843	0
83641.933955	0.013797	83641.947752	1
t = 88.000000	N = 8
26951.402325	0.035197	26951.437522	0
68682.281018	0.006361	68682.287379	1
t = 89.000000	N = 8
39919.107746	0.020140	39919.127887	0
24195.001918	0.012933	24195.014851	1
t = 90.000000	N = 8
73031.739339	0.003851	73031.743190	0
47531.065239	0.025265	47531.090503	1
t = 91.000000	N = 8
109519.235122	0.008853	109519.243975	0
197348.205485	0.013225	197348.218710	1
t = 92.000000	N = 8
92052.944789	0.019516	92052.964305	0
112802.701994	0.024031	112802.726025	1
t = 93.000000	N = 8
57046.743222	0.004196	57046.747418	0
73181.231662	0.008223	73181.239885	1
t = 94.000000	N = 8
132128.148641	0.017062	132128.165704	0
74602.962837	0.018949	74602.981785	1
t = 95.000000	N = 8
91890.460897	0.026652	91890.487549	0
114208.140258	0.017000	114208.157258	1
t = 96.000000	N = 8
47557.575381	0.006238	47557.581619	0
93016.635054	0.022520	93016.657573	1
t = 97.000000	N = 8
114772.187487	0.009641	114772.197128	0
129443.248770	0.019807	129443.268578	1
t = 98.000000	N = 8
92717.309084	0.025670	92717.334754	0
63370.650311	0.025602	63370.675912	1
t = 99.000000	N = 8
101878.899016	0.023564	101878.922580	0
45223.448328	0.008068	45223.456396	1
t = 100.000000	N = 8
94550.340024	0.036761	94550.376785	0
131766.202009	0.021161	131766.223170	1
t = 101.000000	N = 8
119239.223063	0.042723	119239.265787	0
79963.091076	0.027443	79963.118519	1
t = 102.000000	N = 8
71741.686315	0.020038	71741.706353	0
66972.653853	0.003913	66972.657766	1
t = 103.000000	N = 8
50207.094397	0.019458	50207.113855	0
66671.015303	0.028165	66671.043467	1
t = 104.000000	N = 8
61990.978596	0.023663	61991.002259	0
129055.750415	0.024327	129055.774742	1
t = 105.000000	N = 8
57639.545036	0.029809	57639.574845	0
116599.192060	0.009630	116599.201690	1
t = 106.000000	N = 8
41831.896143	0.025458	41831.921601	0
89387.433957	0.016476	89387.450433	1
t = 107.000000	N = 8
92869.553419	0.034467	92869.587885	0
140078.196566	0.026089	140078.222654	1
t = 108.000000	N = 8
53393.287791	0.014466	53393.302256	0
106461.763818	0.011296	106461.775115	1
t = 109.000000	N = 8
36907.420256	0.032908	36907.453163	0
101646.363924	0.007220	101646.371144	1
t = 110.000000	N = 8
104496.150793	0.013569	104496.164363	0
166653.610512	0.020565	166653.631076	1
t = 111.000000	N = 8
59406.174986	0.004403	59406.179389	0
25108.425874	0.013237	25108.439110	1
t = 112.000000	N = 8
126769.356642	0.011861	126769.368502	0
59228.733285	0.031139	59228.764424	1
t = 113.000000	N = 8
112025.770967	0.005832	112025.776799	0
62059.213368	0.008254	62059.221621	1
t = 114.000000	N = 8
82860.649920	0.057919	82860.707839	0
125142.972652	0.020949	125142.993601	1
t = 115.000000	N = 8
44399.228728	0.010580	44399.239308	0
83438.219342	0.014852	83438.234195	1
t = 116.000000	N = 8
88245.226769	0.013232	88245.240000	0
90511.238251	0.012323	90511.250575	1
t = 117.000000	N = 8
87527.881492	0.004735	87527.886227	0
192496.215874	0.012028	192496.227902	1
t = 118.000000	N = 8
97524.001595	0.012565	97524.014160	0
60821.343040	0.017722	60821.360763	1
t = 119.000000	N = 8
79491.401497	0.016226	79491.417723	0
72263.732340	0.007304	72263.739644	1
t = 120.000000	N = 8
153582.565134	0.014081	153582.579214	0
108735.482231	0.013137	108735.495367	1
t = 121.000000	N = 8
62960.107944	0.009055	62960.116999	0
168429.453955	0.007321	168429.461276	1
t = 122.000000	N = 8
38895.030913	0.009805	38895.040718	0
90086.834405	0.013340	90086.847745	1
t = 123.000000	N = 8
133997.348355	0.012675	133997.361030	0
70087.299316	0.005096	70087.304412	1
t = 124.000000	N = 8
90439.391003	0.031746	90439.422748	0
92206.689255	0.015748	92206.705003	1
t = 125.000000	N = 8
136925.700295	0.003199	136925.703494	0
23942.060646	0.005346	23942.065992	1
t = 126.000000	N = 8
75024.606840	0.021229	75024.628069	0
96770.872833	0.017330	96770.890164	1
t = 127.000000	N = 8
51093.602299	0.007753	51093.610052	0
56435.418216	0.022144	56435.440360	1
t = 128.000000	N = 8
157658.370731	0.016495	157658.387226	0
50297.352996	0.035135	50297.388131	1
t = 129.000000	N = 8
43967.882323	0.014522	43967.896846	0
20497.100460	0.017437	20497.117897	1
t = 130.000000	N = 8
132296.134617	0.009057	132296.143674	0
111573.267846	0.022670	111573.290516	1
t = 131.000000	N = 8
55266.782758	0.016820	55266.799578	0
150896.503069	0.008368	150896.511438	1
t = 132.000000	N = 8
68376.213138	0.006982	68376.220120	0
67540.859705	0.013960	67540.873664	1
t = 133.000000	N = 8
57118.134073	0.007238	57118.141312	0
120735.103831	0.016816	120735.120648	1
t = 134.000000	N = 8
38523.749602	0.012909	38523.762511	0
47159.005915	0.016006	47159.021921	1
t = 135.000000	N = 8
93749.307747	0.008403	93749.316150	0
137667.506306	0.007597	137667.513903	1
t = 136.000000	N = 8
97156.612114	0.007243	97156.619356	0
52135.408159	0.010178	52135.418338	1
t = 137.000000	N = 8
24582.630779	0.028384	24582.659163	0
98886.575957	0.009405	98886.585362	1
t = 138.000000	N = 8
98080.097413	0.032883	98080.130296	0
67069.625654	0.009443	67069.635097	1
t = 139.000000	N = 8
41599.206606	0.010465	41599.217071	0
109855.331745	0.011162	109855.342907	1
t = 140.000000	N = 8
110582.908365	0.015804	110582.924169	0
146479.596886	0.007102	146479.603987	1
t = 141.000000	N = 8
92056.701231	0.015332	92056.716563	0
60204.793922	0.037165	60204.831087	1
t = 142.000000	N = 8
110801.495133	0.003674	110801.498807	0
59324.193304	0.019443	59324.212747	1
t = 143.000000	N = 8
102350.006514	0.008197	102350.014711	0
91291.420511	0.007838	91291.428349	1
t = 144.000000	N = 8
107806.948021	0.004074	107806.952095	0
247351.407776	0.018034	247351.425809	1
t = 145.000000	N = 8
47069.417733	0.022909	47069.440642	0
93179.652576	0.017129	93179.669706	1
t = 146.000000	N = 8
62223.414575	0.019929	62223.434504	0
60317.164332	0.008441	60317.172773	1
t = 147.000000	N = 8
81726.646011	0.018198	81726.664209	0
77950.184949	0.010322	77950.195271	1
t = 148.000000	N = 8
69893.100110	0.016556	69893.116666	0
99452.383306	0.014569	99452.397875	1
t = 149.000000	N = 8
92950.441152	0.036868	92950.478020	0
207648.647444	0.020455	207648.667899	1
t = 150.000000	N = 8
93003.330845	0.025486	93003.356331	0
63000.464100	0.022442	63000.486542	1
t = 151.000000	N = 8
101941.001068	0.005529	101941.006597	0
104976.547949	0.011977	104976.559926	1
t = 152.000000	N = 8
130499.944719	0.025654	130499.970373	0
106165.436199	0.013096	106165.449295	1
t = 153.000000	N = 8
82647.981725	0.011210	82647.992934	0
131039.982027	0.004226	131039.986253	1
t = 154.000000	N = 8
71698.660822	0.022324	71698.683146	0
100633.502197	0.012742	100633.514939	1
t = 155.000000	N = 8
34714.440645	0.031126	34714.471770	0
59596.371215	0.006398	59596.377613	1
t = 156.000000	N = 8
114854.615042	0.016794	114854.631836	0
132170.357482	0.010654	132170.368136	1
t = 157.000000	N = 8
93643.046892	0.018930	93643.065822	0
111795.418631	0.016196	111795.434826	1
t = 158.000000	N = 8
65080.780776	0.007360	65080.788136	0
96466.277106	0.014346	96466.291452	1
t = 159.000000	N = 8
84020.104118	0.015444	84020.119562	0
69937.851413	0.013652	69937.865065	1
t = 160.000000	N = 8
80769.617522	0.022666	80769.640187	0
49154.633229	0.008818	49154.642048	1
t = 161.000000	N = 8
77790.104315	0.017953	77790.122269	0
107740.660255	0.010650	107740.670905	1
t = 162.000000	N = 8
74512.558313	0.021917	74512.580230	0
54577.710420	0.007822	54577.718242	1
t = 163.000000	N = 8
30340.250735	0.007187	30340.257921	0
38563.835913	0.032117	38563.868030	1
t = 164.000000	N = 8
51191.926815	0.021466	51191.948281	0
82243.133326	0.014668	82243.147993	1
t = 165.000000	N = 8
138756.966809	0.012993	138756.979802	0
138592.530277	0.011934	138592.542211	1
t = 166.000000	N = 8
59057.852079	0.010332	59057.862411	0
163117.541228	0.007690	163117.548918	1
t = 167.000000	N = 8
242009.630112	0.011981	242009.642093	0
534402.128346	0.027069	534402.155415	1
t = 168.000000	N = 8
14820.727183	0.015268	14820.742451	0
82597.961820	0.012326	82597.974145	1
t = 169.000000	N = 8
84756.240538	0.028503	84756.269041	0
52181.841162	0.011649	52181.852811	1
t = 170.000000	N = 8
36582.443973	0.016323	36582.460295	0
71733.127885	0.006679	71733.134564	1
t = 171.000000	N = 8
98594.742632	0.010224	98594.752856	0
103395.915775	0.011984	103395.927759	1
t = 172.000000	N = 8
44411.264696	0.008055	44411.272751	0
59609.474116	0.008537	59609.482653	1
t = 173.000000	N = 8
49137.342186	0.004629	49137.346815	0
140511.939735	0.016264	140511.955999	1
t = 174.000000	N = 8
52775.634424	0.012762	52775.647186	0
39715.642532	0.023659	39715.666191	1
t = 175.000000	N = 8
71238.130065	0.005692	71238.135757	0
46343.522030	0.009299	46343.531330	1
t = 176.000000	N = 8
73884.144163	0.009461	73884.153624	0
85664.631667	0.010267	85664.641933	1
t = 177.000000	N = 8
23662.004943	0.009615	23662.014558	0
137224.303990	0.018858	137224.322848	1
t = 178.000000	N = 8
126129.989783	0.014928	126130.004711	0
122703.322444	0.014792	122703.337237	1
t = 179.000000	N = 8
44211.269897	0.013509	44211.283406	0
111492.964412	0.017075	111492.981487	1
t = 180.000000	N = 8
82852.398099	0.003542	82852.401641	0
147324.393086	0.025430	147324.418516	1
t = 181.000000	N = 8
102174.440981	0.008590	102174.449571	0
78179.577890	0.011002	78179.588892	1
t = 182.000000	N = 8
68610.426403	0.015609	68610.442012	0
86645.881940	0.007344	86645.889284	1
t = 183.000000	N = 8
78166.855019	0.017405	78166.872424	0
176643.870001	0.017859	176643.887861	1
t = 184.000000	N = 8
114077.692541	0.011779	114077.704319	0
126882.004240	0.008523	126882.012763	1
t = 185.000000	N = 8
41763.504923	0.014013	41763.518936	0
91979.040496	0.018248	91979.058744	1
t = 186.000000	N = 8
94108.036396	0.033399	94108.069795	0
102790.059799	0.005752	102790.065551	1
t = 187.000000	N = 8
106932.444172	0.007051	106932.451223	0
45712.287260	0.014512	45712.301772	1
t = 188.000000	N = 8
58940.000319	0.010439	58940.010758	0
88965.830567	0.016478	88965.847045	1
t = 189.000000	N = 8
23283.315968	0.018372	23283.334340	0
76316.873983	0.018644	76316.892628	1
t = 190.000000	N = 8
60510.860227	0.019657	60510.879884	0
160202.801446	0.028516	160202.829962	1
t = 191.000000	N = 8
42537.669935	0.017977	42537.687912	0
87067.476699	0.012962	87067.489661	1
t = 192.000000	N = 8
21045.955798	0.019174	21045.974972	0
88862.355726	0.024126	88862.379852	1
t = 193.000000	N = 8
82179.582709	0.012049	82179.594758	0
110879.792437	0.014347	110879.806783	1
t = 194.000000	N = 8
58356.391662	0.020199	58356.411861	0
122696.315980	0.021371	122696.337351	1
t = 195.000000	N = 8
73332.842703	0.009737	73332.852440	0
70054.103884	0.010899	70054.114782	1
t = 196.000000	N = 8
47912.345381	0.014846	47912.360227	0
88452.115663	0.023061	88452.138724	1
t = 197.000000	N = 8
118050.830272	0.020298	118050.850570	0
112563.689262	0.016609	112563.705871	1
t = 198.000000	N = 8
24319.102070	0.021546	24319.123617	0
53776.021775	0.010858	53776.032633	1
t = 199.000000	N = 8
85985.662160	0.016844	85985.679003	0
120165.151960	0.022461	120165.174422	1
t = 200.000000	N = 8
45926.162558	0.008646	45926.171204	0
79696.030526	0.007319	79696.037845	1
t = 201.000000	N = 8
64411.374089	0.025508	64411.399598	0
63651.629111	0.010831	63651.639942	1
t = 202.000000	N = 8
61163.789786	0.007455	61163.797241	0
49890.905849	0.014521	49890.920370	1
t = 203.000000	N = 8
50670.611373	0.011947	50670.623319	0
39596.997692	0.032215	39597.029907	1
t = 204.000000	N = 8
79238.177757	0.033867	79238.211624	0
49720.112339	0.006337	49720.118676	1
t = 205.000000	N = 8
171704.221706	0.014754	171704.236460	0
192420.601169	0.003055	192420.604224	1
t = 206.000000	N = 8
118282.017125	0.018596	118282.035721	0
66155.710688	0.026988	66155.737675	1
t = 207.000000	N = 8
50681.271164	0.004141	50681.275304	0
92722.627179	0.008236	92722.635415	1
t = 208.000000	N = 8
99333.129005	0.006361	99333.135366	0
21172.329629	0.007689	21172.337319	1
t = 209.000000	N = 8
138586.140545	0.010208	138586.150754	0
38234.181918	0.016340	38234.198258	1
t = 210.000000	N = 8
81312.855381	0.018963	81312.874344	0
74066.610100	0.025503	74066.635603	1
t = 211.000000	N = 8
147716.216160	0.014738	147716.230898	0
195612.667888	0.013181	195612.681070	1
t = 212.000000	N = 8
40735.982479	0.022219	40736.004698	0
85672.287434	0.014243	85672.301677	1
t = 213.000000	N = 8
64361.204707	0.033734	64361.238441	0
55917.532157	0.008844	55917.541001	1
t = 214.000000	N = 8
78661.704138	0.012865	78661.717003	0
95065.070351	0.008781	95065.079133	1
t = 215.000000	N = 8
77282.120253	0.016340	77282.136593	0
33537.635413	0.034413	33537.669826	1
t = 216.000000	N = 8
52755.801649	0.008059	52755.809708	0
57743.513342	0.026419	57743.539761	1
t = 217.000000	N = 8
76956.783366	0.008301	76956.791667	0
66974.789701	0.006809	66974.796510	1
t = 218.000000	N = 8
125097.389510	0.010118	125097.399628	0
96350.963304	0.014085	96350.977389	1
t = 219.000000	N = 8
96880.191149	0.020029	96880.211179	0
72166.995823	0.011098	72167.006922	1
t = 220.000000	N = 8
99437.839468	0.013996	99437.853465	0
96325.315524	0.028440	96325.343964	1
t = 221.000000	N = 8
96825.801494	0.011989	96825.813484	0
60670.251042	0.027647	60670.278689	1
t = 222.000000	N = 8
70974.935408	0.007471	70974.942880	0
103034.904554	0.006987	103034.911540	1
t = 223.000000	N = 8
85069.367769	0.007101	85069.374870	0
169066.338466	0.019801	169066.358267	1
t = 224.000000	N = 8
135000.949035	0.015702	135000.964737	0
81628.582412	0.010214	81628.592625	1
t = 225.000000	N = 8
74726.648586	0.008309	74726.656895	0
95097.622928	0.015728	95097.638656	1
t = 226.000000	N = 8
65651.845257	0.008545	65651.853802	0
94949.515841	0.018826	94949.534667	1
t = 227.000000	N = 8
36722.648764	0.005714	36722.654478	0
114161.531910	0.010244	114161.542154	1
t = 228.000000	N = 8
126888.057801	0.020751	126888.078552	0
129419.284090	0.010914	129419.295004	1
t = 229.000000	N = 8
96434.088478	0.014927	96434.103405	0
90961.609361	0.012674	90961.622035	1
t = 230.000000	N = 8
23067.281191	0.013906	23067.295097	0
80734.080597	0.023321	80734.103918	1
t = 231.000000	N = 8
51655.256167	0.022501	51655.278668	0
36862.345433	0.011712	36862.357145	1
t = 232.000000	N = 8
60900.584297	0.003892	60900.588189	0
63000.501096	0.012944	63000.514040	1
t = 233.000000	N = 8
67119.090005	0.003112	67119.093118	0
61923.510104	0.021005	61923.531110	1
t = 234.000000	N = 8
94342.266760	0.018008	94342.284768	0
108642.100113	0.003010	108642.103123	1
t = 235.000000	N = 8
64752.731901	0.013702	64752.745603	0
187545.414603	0.022144	187545.436748	1
t = 236.000000	N = 8
47562.092357	0.009565	47562.101922	0
47474.134809	0.007873	47474.142682	1
t = 237.000000	N = 8
51251.205298	0.035623	51251.240921	0
43534.913589	0.015037	43534.928626	1
t = 238.000000	N = 8
36449.677476	0.028584	36449.706059	0
139908.349824	0.010408	139908.360232	1
t = 239.000000	N = 8
95733.244665	0.005858	95733.250523	0
79233.300030	0.022549	79233.322579	1
t = 240.000000	N = 8
37469.105989	0.029164	37469.135152	0
42240.786803	0.016387	42240.803190	1
t = 241.000000	N = 8
66164.108375	0.011547	66164.119922	0
18951.663597	0.005993	18951.669590	1
t = 242.000000	N = 8
90203.942690	0.021272	90203.963962	0
120129.772410	0.013003	120129.785413	1
t = 243.000000	N = 8
47389.211646	0.023762	47389.235409	0
88877.514300	0.014656	88877.528956	1
t = 244.000000	N = 8
78447.535894	0.004423	78447.540317	0
31374.623395	0.010162	31374.633557	1
t = 245.000000	N = 8
82689.363660	0.022522	82689.386181	0
84321.935717	0.012214	84321.947931	1
t = 246.000000	N = 8
84776.764113	0.005182	84776.769295	0
66438.185145	0.002764	66438.187909	1
t = 247.000000	N = 8
62648.156306	0.016912	62648.173218	0
118457.564645	0.029647	118457.594292	1
t = 248.000000	N = 8
112176.793098	0.014815	112176.807912	0
101072.876644	0.035269	101072.911913	1
t = 249.000000	N = 8
67874.832345	0.017677	67874.850022	0
60012.993963	0.025903	60013.019866	1
t = 250.000000	N = 8
101123.882852	0.005265	101123.888117	0
148716.005070	0.012270	148716.017340	1
t = 251.000000	N = 8
101528.415029	0.013535	101528.428565	0
114242.040346	0.019988	114242.060334	1
t = 252.000000	N = 8
115501.807226	0.009630	115501.816856	0
106426.121624	0.009146	106426.130769	1
t = 253.000000	N = 8
46593.554581	0.016751	46593.571332	0
72152.101829	0.052996	72152.154825	1
t = 254.000000	N = 8
68859.715183	0.011360	68859.726543	0
143392.321175	0.019468	143392.340642	1
t = 255.000000	N = 8
43598.156116	0.035678	43598.191794	0
86062.499827	0.010052	86062.509879	1
t = 256.000000	N = 8
84463.565533	0.025864	84463.591397	0
108103.235542	0.012219	108103.247762	1
t = 257.000000	N = 8
49316.605358	0.022864	49316.628221	0
155430.251698	0.023602	155430.275300	1
t = 258.000000	N = 8
38996.182851	0.018651	38996.201502	0
76720.516807	0.005065	76720.521873	1
t = 259.000000	N = 8
84952.283966	0.003246	84952.287212	0
104647.853609	0.015798	104647.869407	1
t = 260.000000	N = 8
71444.336591	0.054653	71444.391243	0
52846.659129	0.034519	52846.693649	1
t = 261.000000	N = 8
99889.914133	0.023577	99889.937711	0
108330.514579	0.011146	108330.525725	1
t = 262.000000	N = 8
72266.741403	0.013610	72266.755013	0
142118.757170	0.020138	142118.777308	1
t = 263.000000	N = 8
60966.352284	0.017334	60966.369618	0
107645.252216	0.017979	107645.270194	1
t = 264.000000	N = 8
100706.523574	0.007784	100706.531357	0
62525.181360	0.007546	62525.188906	1
t = 265.000000	N = 8
63159.337276	0.019260	63159.356536	0
60173.954215	0.009641	60173.963856	1
t = 266.000000	N = 8
107691.089393	0.029311	107691.118703	0
70453.969728	0.018288	70453.988016	1
t = 267.000000	N = 8
37244.023122	0.024073	37244.047195	0
126317.797649	0.004179	126317.801828	1
t = 268.000000	N = 8
66680.336390	0.015243	66680.351633	0
47561.266577	0.011446	47561.278023	1
t = 269.000000	N = 8
109151.876662	0.017853	109151.894515	0
104334.521836	0.022636	104334.544472	1
t = 270.000000	N = 8
80462.674582	0.035475	80462.710057	0
92843.287481	0.021231	92843.308712	1
t = 271.000000	N = 8
83326.740563	0.006166	83326.746730	0
99381.226350	0.012476	99381.238826	1
t = 272.000000	N = 8
36565.050147	0.021167	36565.071314	0
136217.098768	0.012648	136217.111417	1
t = 273.000000	N = 8
82870.512794	0.027109	82870.539903	0
28298.925761	0.016878	28298.942639	1
t = 274.000000	N = 8
87626.860577	0.015123	87626.875700	0
27915.180280	0.016352	27915.196632	1
t = 275.000000	N = 8
182731.980887	0.025319	182732.006206	0
209202.431399	0.004719	209202.436117	1
t = 276.000000	N = 8
144333.900030	0.032195	144333.932225	0
63505.540135	0.020387	63505.560522	1
t = 277.000000	N = 8
78672.228473	0.011857	78672.240330	0
87683.094350	0.016693	87683.111043	1
t = 278.000000	N = 8
102224.202393	0.012241	102224.214633	0
48307.304531	0.032695	48307.337225	1
t = 279.000000	N = 8
119004.597441	0.024281	119004.621722	0
20604.926433	0.020300	20604.946733	1
t = 280.000000	N = 8
60501.071335	0.014348	60501.085683	0
111571.565269	0.030314	111571.595583	1
t = 281.000000	N = 8
154620.098342	0.009556	154620.107897	0
90713.719290	0.021567	90713.740858	1
t = 282.000000	N = 8
202043.276405	0.008568	202043.284974	0
101844.328232	0.006537	101844.334768	1
t = 283.000000	N = 8
60781.376869	0.011533	60781.388402	0
120171.310883	0.012615	120171.323498	1
t = 284.000000	N = 8
37865.961241	0.008112	37865.969353	0
144543.651113	0.020622	144543.671735	1
t = 285.000000	N = 8
68367.646780	0.009536	68367.656316	0
76548.172010	0.011692	76548.183702	1
t = 286.000000	N = 8
137724.735029	0.014370	137724.749399	0
73780.889106	0.009432	73780.898538	1
t = 287.000000	N = 8
49628.537925	0.009802	49628.547727	0
91676.939997	0.007784	91676.947781	1
t = 288.000000	N = 8
81115.944084	0.015933	81115.960017	0
147253.177446	0.005638	147253.183084	1
t = 289.000000	N = 8
64825.365552	0.007151	64825.372703	0
89021.437631	0.022315	89021.459946	1
t = 290.000000	N = 8
157175.422702	0.019710	157175.442411	0
69115.740040	0.008959	69115.748999	1
t = 291.000000	N = 8
187248.338278	0.014148	187248.352425	0
180036.238071	0.003887	180036.241958	1
t = 292.000000	N = 8
61250.041398	0.010780	61250.052178	0
128512.326491	0.015320	128512.341811	1
t = 293.000000	N = 8
67020.585049	0.020081	67020.605129	0
118080.903121	0.006868	118080.909989	1
t = 294.000000	N = 8
83703.369149	0.021341	83703.390490	0
55170.250147	0.011852	55170.261999	1
t = 295.000000	N = 8
32690.028076	0.011191	32690.039267	0
104760.303312	0.013889	104760.317202	1
t = 296.000000	N = 8
135334.372170	0.013483	135334.385653	0
42130.559933	0.020323	42130.580256	1
t = 297.000000	N = 8
132529.453863	0.017633	132529.471496	0
142147.098173	0.008803	142147.106976	1
t = 298.000000	N = 8
84403.468301	0.009682	84403.477983	0
92370.918827	0.006221	92370.925048	1
t = 299.000000	N = 8
109468.001156	0.031666	109468.032821	0
153960.714338	0.016084	153960.730422	1
t = 300.000000	N = 8
74017.986394	0.002722	74017.989116	0
86291.314829	0.022283	86291.337112	1
t = 301.000000	N = 8
108858.865260	0.015646	108858.880906	0
49103.544001	0.014742	49103.558742	1
t = 302.000000	N = 8
51816.153755	0.025863	51816.179618	0
77760.321209	0.018953	77760.340162	1
t = 303.000000	N = 8
36365.790419	0.032831	36365.823250	0
48011.538142	0.012430	48011.550572	1
t = 304.000000	N = 8
98282.090573	0.030572	98282.121144	0
44097.737307	0.013732	44097.751040	1
t = 305.000000	N = 8
136997.041684	0.011637	136997.053322	0
99057.511696	0.004025	99057.515720	1
t = 306.000000	N = 8
127390.962098	0.035706	127390.997804	0
143368.578594	0.008054	143368.586648	1
t = 307.000000	N = 8
55905.272467	0.017198	55905.289665	0
37000.723959	0.011645	37000.735603	1
t = 308.000000	N = 8
136730.460665	0.029063	136730.489729	0
86162.963202	0.042908	86163.006110	1
t = 309.000000	N = 8
60362.259801	0.010832	60362.270633	0
48878.579122	0.006090	48878.585212	1
t = 310.000000	N = 8
104506.359131	0.007561	104506.366693	0
89495.940480	0.012303	89495.952784	1
t = 311.000000	N = 8
53535.736529	0.020788	53535.757317	0
143840.917013	0.009959	143840.926972	1
t = 312.000000	N = 8
114860.586329	0.029708	114860.616037	0
120075.447548	0.021070	120075.468617	1
t = 313.000000	N = 8
33481.120779	0.024439	33481.145218	0
108890.928044	0.009465	108890.937508	1
t = 314.000000	N = 8
59745.406751	0.025917	59745.432667	0
97095.597095	0.014645	97095.611739	1
t = 315.000000	N = 8
157066.400439	0.004874	157066.405312	0
39189.149626	0.020428	39189.170054	1
t = 316.000000	N = 8
155376.911789	0.009239	155376.921028	0
75386.245756	0.022207	75386.267964	1
t = 317.000000	N = 8
92613.165547	0.013487	92613.179034	0
64374.943753	0.038097	64374.981849	1
t = 318.000000	N = 8
107840.443767	0.008357	107840.452125	0
82656.104879	0.013690	82656.118569	1
t = 319.000000	N = 8
63259.330208	0.006695	63259.336903	0
62084.064547	0.020754	62084.085300	1
t = 320.000000	N = 8
122109.579293	0.014719	122109.594012	0
90506.968830	0.020478	90506.989308	1
t = 321.000000	N = 8
123521.829708	0.011130	123521.840838	0
137650.783185	0.011142	137650.794327	1
t = 322.000000	N = 8
71844.715611	0.006760	71844.722371	0
156830.986162	0.023024	156831.009187	1
t = 323.000000	N = 8
37566.052760	0.013092	37566.065852	0
83166.545454	0.005150	83166.550604	1
t = 324.000000	N = 8
91004.703675	0.005572	91004.709247	0
120314.866785	0.012981	120314.879766	1
t = 325.000000	N = 8
73543.129284	0.014288	73543.143571	0
91700.635692	0.018726	91700.654418	1
t = 326.000000	N = 8
99270.156581	0.009133	99270.165714	0
103649.868005	0.018649	103649.886654	1
t = 327.000000	N = 8
33220.672899	0.010100	33220.682998	0
87952.583269	0.018632	87952.601901	1
t = 328.000000	N = 8
86248.791718	0.014487	86248.806206	0
102534.888016	0.005406	102534.893422	1
t = 329.000000	N = 8
144502.078531	0.006448	144502.084980	0
88997.173824	0.023056	88997.196880	1
t = 330.000000	N = 8
86436.495142	0.010727	86436.505869	0
69410.261248	0.025826	69410.287073	1
t = 331.000000	N = 8
143545.202415	0.020214	143545.222629	0
48167.007423	0.004808	48167.012230	1
t = 332.000000	N = 8
74217.428202	0.021503	74217.449704	0
92657.475344	0.006061	92657.481405	1
t = 333.000000	N = 8
139096.166537	0.012426	139096.178963	0
60247.500944	0.021632	60247.522576	1
t = 334.000000	N = 8
51861.742342	0.012432	51861.754773	0
59055.647512	0.034881	59055.682394	1
t = 335.000000	N = 8
78669.644234	0.017664	78669.661899	0
58564.296858	0.046579	58564.343437	1
t = 336.000000	N = 8
110271.719013	0.012782	110271.731795	0
38540.014339	0.014068	38540.028407	1
t = 337.000000	N = 8
64249.385009	0.021256	64249.406264	0
68010.752062	0.011791	68010.763853	1
t = 338.000000	N = 8
63741.772519	0.005332	63741.777851	0
164518.333194	0.010799	164518.343992	1
t = 339.000000	N = 8
47546.464739	0.012772	47546.477510	0
49959.860911	0.011174	49959.872086	1
t = 340.000000	N = 8
73003.171984	0.002634	73003.174617	0
80081.108064	0.015547	80081.123610	1
t = 341.000000	N = 8
184513.243738	0.010205	184513.253943	0
210140.399845	0.016250	210140.416095	1
t = 342.000000	N = 8
21644.689406	0.026887	21644.716293	0
69394.796746	0.012719	69394.809465	1
t = 343.000000	N = 8
125385.717573	0.024358	125385.741930	0
43554.670237	0.013651	43554.683888	1
t = 344.000000	N = 8
57030.818985	0.007568	57030.826553	0
84883.151770	0.029937	84883.181707	1
t = 345.000000	N = 8
85752.341965	0.010632	85752.352596	0
51823.284652	0.029926	51823.314578	1
t = 346.000000	N = 8
87726.812375	0.015940	87726.828315	0
48701.990732	0.009249	48701.999981	1
t = 347.000000	N = 8
30350.875026	0.016280	30350.891306	0
112037.303774	0.013061	112037.316835	1
t = 348.000000	N = 8
124502.261636	0.014164	124502.275800	0
63430.881521	0.037700	63430.919221	1
t = 349.000000	N = 8
64965.295605	0.011703	64965.307309	0
141861.068812	0.028092	141861.096904	1
t = 350.000000	N = 8
62301.392219	0.011821	62301.404040	0
156262.209801	0.021314	156262.231114	1
t = 351.000000	N = 8
101156.724166	0.008436	101156.732602	0
88477.248561	0.024807	88477.273367	1
t = 352.000000	N = 8
53236.825433	0.011960	53236.837393	0
109623.916557	0.011886	109623.928443	1
t = 353.000000	N = 8
90361.380960	0.014006	90361.394965	0
117714.949330	0.006660	117714.955989	1
t = 354.000000	N = 8
115134.682326	0.014979	115134.697306	0
18229.312179	0.009630	18229.321809	1
t = 355.000000	N = 8
109047.198631	0.015141	109047.213772	0
71347.120541	0.024614	71347.145155	1
t = 356.000000	N = 8
50064.037522	0.029395	50064.066917	0
149972.705615	0.007599	149972.713214	1
t = 357.000000	N = 8
87073.194584	0.036749	87073.231333	0
87410.249269	0.025548	87410.274818	1
t = 358.000000	N = 8
118678.124308	0.004142	118678.128450	0
35049.589034	0.013942	35049.602976	1
t = 359.000000	N = 8
138169.223193	0.011931	138169.235123	0
147148.602478	0.004545	147148.607023	1
t = 360.000000	N = 8
113868.224469	0.013394	113868.237863	0
63439.045188	0.020893	63439.066081	1
t = 361.000000	N = 8
106672.606002	0.020806	106672.626808	0
133321.524226	0.010003	133321.534229	1
t = 362.000000	N = 8
31141.645323	0.017473	31141.662796	0
90860.818716	0.006168	90860.824884	1
t = 363.000000	N = 8
35293.378494	0.011642	35293.390135	0
61054.431455	0.007395	61054.438850	1
t = 364.000000	N = 8
422196.520450	0.031243	422196.551693	0
396363.777867	0.024943	396363.802810	1
t = 365.000000	N = 8
111122.536680	0.010432	111122.547112	0
40677.125581	0.032763	40677.158344	1
t = 366.000000	N = 8
108941.584949	0.017801	108941.602750	0
50763.049521	0.022797	50763.072319	1
t = 367.000000	N = 8
113033.377133	0.010901	113033.388033	0
108342.480046	0.011449	108342.491495	1
t = 368.000000	N = 8
73836.797781	0.027392	73836.825173	0
104225.353658	0.023866	104225.377524	1
t = 369.000000	N = 8
140842.719170	0.025462	140842.744631	0
16813.599100	0.005862	16813.604962	1
t = 370.000000	N = 8
65518.543451	0.007529	65518.550980	0
193458.633094	0.016004	193458.649098	1
t = 371.000000	N = 8
67260.900622	0.006898	67260.907520	0
35230.013828	0.010350	35230.024178	1
t = 372.000000	N = 8
122887.898687	0.012228	122887.910915	0
45402.678892	0.007903	45402.686795	1
t = 373.000000	N = 8
209548.371559	0.008533	209548.380092	0
65910.613199	0.011392	65910.624591	1
t = 374.000000	N = 8
45473.515265	0.012695	45473.527959	0
79652.201736	0.017548	79652.219284	1
t = 375.000000	N = 8
224272.688316	0.017532	224272.705848	0
91604.609333	0.028509	91604.637841	1
t = 376.000000	N = 8
65194.996427	0.008227	65195.004654	0
84308.982426	0.027143	84309.009570	1
t = 377.000000	N = 8
91340.232332	0.012534	91340.244866	0
106309.396150	0.021054	106309.417204	1
t = 378.000000	N = 8
64329.642306	0.012408	64329.654713	0
35435.719023	0.011719	35435.730742	1
t = 379.000000	N = 8
33329.433900	0.009561	33329.443461	0
80596.057517	0.032275	80596.089792	1
t = 380.000000	N = 8
30033.060756	0.009974	30033.070731	0
90397.021068	0.028636	90397.049704	1
t = 381.000000	N = 8
69194.461509	0.005712	69194.467221	0
79719.777476	0.015260	79719.792736	1
t = 382.000000	N = 8
184765.298580	0.003120	184765.301700	0
35930.909876	0.008604	35930.918480	1
t = 383.000000	N = 8
144648.281673	0.008435	144648.290108	0
122281.757949	0.009788	122281.767737	1
t = 384.000000	N = 8
69105.567304	0.012259	69105.579563	0
95966.977765	0.008855	95966.986620	1
t = 385.000000	N = 8
143447.024270	0.012799	143447.037069	0
69380.268741	0.017047	69380.285789	1
t = 386.000000	N = 8
32365.943816	0.019411	32365.963227	0
57606.616872	0.021733	57606.638606	1
t = 387.000000	N = 8
53322.822280	0.012913	53322.835193	0
141812.988606	0.014746	141813.003352	1
t = 388.000000	N = 8
40174.723669	0.006910	40174.730579	0
111133.515589	0.014069	111133.529658	1
t = 389.000000	N = 8
67329.358080	0.013866	67329.371946	0
61932.184701	0.007773	61932.192474	1
t = 390.000000	N = 8
134093.661683	0.031072	134093.692755	0
45711.936197	0.010098	45711.946295	1
t = 391.000000	N = 8
99756.578234	0.008553	99756.586787	0
183982.240810	0.054560	183982.295369	1
t = 392.000000	N = 8
99238.707811	0.028907	99238.736717	0
171046.690275	0.016817	171046.707092	1
t = 393.000000	N = 8
31054.865880	0.017344	31054.883223	0
123246.333023	0.010896	123246.343920	1
t = 394.000000	N = 8
110405.650795	0.011806	110405.662601	0
80177.306272	0.019603	80177.325875	1
t = 395.000000	N = 8
98036.207459	0.015263	98036.222722	0
186626.473417	0.014140	186626.487557	1
t = 396.000000	N = 8
118660.858982	0.031526	118660.890508	0
190945.063212	0.011208	190945.074420	1
t = 397.000000	N = 8
92706.923839	0.007728	92706.931567	0
61808.694166	0.017175	61808.711342	1
t = 398.000000	N = 8
204625.961518	0.004346	204625.965864	0
106276.367974	0.029721	106276.397695	1
t = 399.000000	N = 8
43800.960399	0.025106	43800.985505	0
138203.798652	0.013581	138203.812232	1
t = 400.000000	N = 8
133651.045930	0.020139	133651.066068	0
73770.834135	0.020596	73770.854731	1
t = 401.000000	N = 8
54394.949310	0.015096	54394.964406	0
53005.161408	0.019621	53005.181029	1
t = 402.000000	N = 8
68963.577568	0.034160	68963.611728	0
103430.545135	0.012073	103430.557208	1
t = 403.000000	N = 8
69439.225802	0.005803	69439.231605	0
71388.674308	0.033189	71388.707497	1
t = 404.000000	N = 8
155247.432080	0.004842	155247.436922	0
67889.360726	0.013106	67889.373832	1
t = 405.000000	N = 8
72715.619102	0.005607	72715.624710	0
108991.618272	0.018363	108991.636634	1
t = 406.000000	N = 8
65351.266417	0.007046	65351.273462	0
128219.109144	0.020252	128219.129396	1
t = 407.000000	N = 8
80879.850312	0.015436	80879.865748	0
83593.083080	0.013178	83593.096258	1
t = 408.000000	N = 8
100512.909390	0.014138	100512.923528	0
142981.330129	0.004719	142981.334848	1
t = 409.000000	N = 8
96791.851141	0.008348	96791.859489	0
168228.937943	0.014763	168228.952705	1
t = 410.000000	N = 8
48127.636345	0.010295	48127.646640	0
67616.891979	0.030559	67616.922538	1
t = 411.000000	N = 8
107018.098142	0.021390	107018.119532	0
80538.981018	0.007114	80538.988132	1
t = 412.000000	N = 8
64861.525222	0.020833	64861.546055	0
114411.301019	0.042065	114411.343084	1
t = 413.000000	N = 8
92889.988084	0.009722	92889.997807	0
73435.100571	0.015380	73435.115951	1
t = 414.000000	N = 8
93278.740594	0.013902	93278.754496	0
71914.414699	0.035560	71914.450259	1
t = 415.000000	N = 8
77013.500289	0.018372	77013.518661	0
63825.809745	0.011701	63825.821446	1
t = 416.000000	N = 8
65921.852308	0.021571	65921.873879	0
51385.160890	0.011435	51385.172325	1
t = 417.000000	N = 8
88869.258768	0.016797	88869.275565	0
41433.525313	0.022705	41433.548017	1
t = 418.000000	N = 8
77800.825440	0.015206	77800.840646	0
61008.934020	0.006076	61008.940095	1
t = 419.000000	N = 8
112804.302962	0.006098	112804.309061	0
41580.959760	0.020514	41580.980273	1
t = 420.000000	N = 8
35599.137825	0.007069	35599.144895	0
100882.774760	0.008872	100882.783632	1
t = 421.000000	N = 8
111113.666004	0.012593	111113.678597	0
129141.274720	0.011483	129141.286203	1
t = 422.000000	N = 8
57654.814512	0.012403	57654.826915	0
74122.624289	0.006809	74122.631098	1
t = 423.000000	N = 8
102715.861191	0.008745	102715.869936	0
416198.236522	0.011255	416198.247777	1
t = 424.000000	N = 8
127430.419381	0.024825	127430.444206	0
51174.471364	0.020800	51174.492164	1
t = 425.000000	N = 8
34207.424709	0.014252	34207.438960	0
76625.120324	0.036274	76625.156598	1
t = 426.000000	N = 8
88351.688632	0.012464	88351.701096	0
53394.988651	0.009844	53394.998495	1
t = 427.000000	N = 8
126016.057843	0.016098	126016.073941	0
52175.698462	0.006076	52175.704538	1
t = 428.000000	N = 8
101932.680312	0.032365	101932.712677	0
108288.773282	0.013630	108288.786912	1
t = 429.000000	N = 8
83519.265329	0.013329	83519.278658	0
113882.346815	0.005693	113882.352507	1
t = 430.000000	N = 8
119235.741485	0.017326	119235.758811	0
42477.385888	0.007644	42477.393531	1
t = 431.000000	N = 8
85212.153239	0.020794	85212.174033	0
103420.392585	0.015601	103420.408186	1
t = 432.000000	N = 8
40294.475055	0.014589	40294.489644	0
115598.452724	0.012876	115598.465600	1
t = 433.000000	N = 8
370992.423537	0.020956	370992.444493	0
710473.697430	0.009806	710473.707237	1
t = 434.000000	N = 8
57256.431476	0.009430	57256.440906	0
58698.384228	0.004378	58698.388606	1
t = 435.000000	N = 8
53235.605773	0.018799	53235.624572	0
23655.721899	0.014112	23655.736012	1
t = 436.000000	N = 8
30251.382140	0.010634	30251.392774	0
52686.810688	0.022523	52686.833211	1
t = 437.000000	N = 8
38350.879299	0.007657	38350.886956	0
75725.946416	0.026747	75725.973164	1
t = 438.000000	N = 8
140155.380908	0.009481	140155.390389	0
101081.896340	0.043025	101081.939365	1
t = 439.000000	N = 8
111140.278860	0.012595	111140.291455	0
25959.717234	0.015644	25959.732879	1
t = 440.000000	N = 8
74555.831560	0.004961	74555.836522	0
113741.190591	0.026102	113741.216693	1
t = 441.000000	N = 8
129889.309480	0.005378	129889.314857	0
258363.177323	0.027012	258363.204335	1
t = 442.000000	N = 8
196294.621179	0.009415	196294.630594	0
369811.797719	0.016699	369811.814417	1
t = 443.000000	N = 8
308210.839844	0.014806	308210.854650	0
212381.070209	0.012619	212381.082828	1
t = 444.000000	N = 8
56115.678362	0.039754	56115.718116	0
47217.423652	0.015122	47217.438774	1
t = 445.000000	N = 8
84773.304608	0.019665	84773.324272	0
119443.430054	0.008909	119443.438962	1
t = 446.000000	N = 8
114051.646697	0.012408	114051.659105	0
95912.632958	0.004381	95912.637339	1
t = 447.000000	N = 8
156202.361046	0.007311	156202.368358	0
128663.067681	0.013670	128663.081351	1
t = 448.000000	N = 8
124639.087513	0.006418	124639.093931	0
50175.040019	0.010293	50175.050312	1
t = 449.000000	N = 8
34953.392977	0.018285	34953.411262	0
51769.285922	0.015276	51769.301198	1
t = 450.000000	N = 8
64807.875093	0.018404	64807.893497	0
44082.330792	0.009828	44082.340619	1
t = 451.000000	N = 8
70713.038045	0.004270	70713.042315	0
57763.179241	0.013857	57763.193098	1
t = 452.000000	N = 8
93676.545949	0.026520	93676.572469	0
48688.081560	0.027936	48688.109496	1
t = 453.000000	N = 8
91745.759901	0.009778	91745.769680	0
58909.461967	0.044216	58909.506183	1
t = 454.000000	N = 8
79851.061062	0.022261	79851.083324	0
73884.007956	0.019318	73884.027275	1
t = 455.000000	N = 8
110887.265841	0.012070	110887.277911	0
78441.774983	0.005238	78441.780221	1
t = 456.000000	N = 8
115326.584868	0.006160	115326.591027	0
93773.685501	0.019107	93773.704608	1
t = 457.000000	N = 8
142789.571651	0.015897	142789.587548	0
84929.229323	0.018881	84929.248204	1
t = 458.000000	N = 8
98751.197008	0.023546	98751.220554	0
33810.024396	0.021392	33810.045787	1
t = 459.000000	N = 8
54557.785259	0.029592	54557.814851	0
75701.041027	0.012476	75701.053503	1
t = 460.000000	N = 8
52721.950036	0.011858	52721.961894	0
68098.543638	0.015562	68098.559200	1
t = 461.000000	N = 8
149491.552596	0.011297	149491.563893	0
133482.580770	0.022453	133482.603224	1
t = 462.000000	N = 8
66197.580093	0.015745	66197.595838	0
51998.868519	0.019544	51998.888064	1
t = 463.000000	N = 8
66283.493913	0.008574	66283.502487	0
114067.076498	0.018151	114067.094650	1
t = 464.000000	N = 8
52079.910199	0.021997	52079.932196	0
60156.959608	0.011326	60156.970934	1
t = 465.000000	N = 8
84341.231423	0.003106	84341.234529	0
92276.595669	0.028349	92276.624018	1
t = 466.000000	N = 8
55854.166773	0.031263	55854.198036	0
86217.645827	0.013473	86217.659300	1
t = 467.000000	N = 8
135439.955821	0.017639	135439.973460	0
46417.650037	0.005626	46417.655663	1
t = 468.000000	N = 8
78751.699660	0.013179	78751.712838	0
60093.631292	0.008190	60093.639482	1
t = 469.000000	N = 8
32025.132436	0.019060	32025.151496	0
124477.248569	0.017035	124477.265604	1
t = 470.000000	N = 8
53037.799936	0.019589	53037.819525	0
25097.727984	0.014805	25097.742789	1
t = 471.000000	N = 8
57583.142173	0.013398	57583.155571	0
43685.229278	0.031876	43685.261154	1
t = 472.000000	N = 8
82673.471336	0.014582	82673.485918	0
105925.107401	0.021241	105925.128641	1
t = 473.000000	N = 8
68671.779526	0.007921	68671.787447	0
79083.098866	0.019349	79083.118215	1
t = 474.000000	N = 8
103420.700893	0.010197	103420.711089	0
92012.537186	0.006225	92012.543411	1
t = 475.000000	N = 8
65009.363871	0.019797	65009.383668	0
51655.024325	0.021560	51655.045885	1
t = 476.000000	N = 8
183722.668333	0.018216	183722.686549	0
78109.434280	0.015911	78109.450191	1
t = 477.000000	N = 8
84320.226199	0.013483	84320.239682	0
54252.197304	0.005938	54252.203242	1
t = 478.000000	N = 8
175623.190773	0.026162	175623.216934	0
87413.512954	0.021878	87413.534832	1
t = 479.000000	N = 8
109279.873431	0.013357	109279.886788	0
50729.435761	0.019095	50729.454856	1
t = 480.000000	N = 8
91406.075071	0.023299	91406.098370	0
34528.406950	0.008866	34528.415815	1
t = 481.000000	N = 8
44556.588588	0.006854	44556.595442	0
62736.474306	0.021990	62736.496296	1
t = 482.000000	N = 8
105699.906734	0.000937	105699.907670	0
81520.774535	0.004318	81520.778853	1
t = 483.000000	N = 8
78629.317508	0.013580	78629.331089	0
50429.007076	0.013528	50429.020604	1
t = 484.000000	N = 8
82129.603880	0.012984	82129.616863	0
28744.689416	0.022103	28744.711519	1
t = 485.000000	N = 8
69175.365759	0.006955	69175.372713	0
69126.589028	0.017663	69126.606692	1
t = 486.000000	N = 8
94383.751569	0.008523	94383.760092	0
65113.325485	0.009320	65113.334805	1
t = 487.000000	N = 8
13147.111118	0.006889	13147.118007	0
68825.077466	0.014063	68825.091529	1
t = 488.000000	N = 8
87186.512662	0.014704	87186.527366	0
114891.964947	0.007720	114891.972666	1
t = 489.000000	N = 8
50756.033612	0.020779	50756.054391	0
79560.741827	0.014299	79560.756126	1
t = 490.000000	N = 8
143189.577538	0.020621	143189.598159	0
41254.219398	0.010875	41254.230273	1
t = 491.000000	N = 8
59425.243334	0.023007	59425.266340	0
45100.519431	0.014679	45100.534110	1
t = 492.000000	N = 8
71245.376874	0.026543	71245.403417	0
75068.760064	0.014323	75068.774387	1
t = 493.000000	N = 8
115660.695566	0.006463	115660.702029	0
93774.548641	0.011795	93774.560436	1
t = 494.000000	N = 8
83150.317763	0.007799	83150.325562	0
90611.617413	0.024414	90611.641828	1
t = 495.000000	N = 8
76518.511514	0.008862	76518.520375	0
62580.218512	0.019076	62580.237588	1
t = 496.000000	N = 8
57032.987773	0.017340	57033.005112	0
43617.454982	0.009726	43617.464708	1
t = 497.000000	N = 8
115808.712399	0.022634	115808.735032	0
83352.607855	0.026772	83352.634627	1
t = 498.000000	N = 8
181633.818759	0.009044	181633.827803	0
80409.083768	0.022891	80409.106659	1
t = 499.000000	N = 8
96159.135707	0.009632	96159.145339	0
83497.203975	0.008654	83497.212629	1
t = 500.000000	N = 8
49917.682535	0.008645	49917.691180	0
98125.788393	0.019418	98125.807811	1
t = 501.000000	N = 8
43745.217796	0.011143	43745.228939	0
55543.665119	0.005677	55543.670796	1
t = 502.000000	N = 8
113073.428085	0.005142	113073.433227	0
34805.193190	0.013410	34805.206601	1
t = 503.000000	N = 8
26839.923279	0.016021	26839.939299	0
72748.281516	0.023444	72748.304960	1
t = 504.000000	N = 8
47366.055473	0.008205	47366.063678	0
30698.873995	0.015994	30698.889989	1
t = 505.000000	N = 8
93473.069613	0.002920	93473.072532	0
135512.771178	0.004808	135512.775986	1
t = 506.000000	N = 8
29923.553270	0.010285	29923.563554	0
52340.814332	0.013448	52340.827780	1
t = 507.000000	N = 8
59400.628877	0.029503	59400.658380	0
91466.147207	0.023107	91466.170315	1
t = 508.000000	N = 8
207392.183900	0.031553	207392.215452	0
61238.992131	0.006595	61238.998726	1
t = 509.000000	N = 8
63912.172199	0.003439	63912.175638	0
90151.526672	0.011859	90151.538530	1
t = 510.000000	N = 8
83038.034777	0.006205	83038.040981	0
66058.469150	0.003410	66058.472559	1
t = 511.000000	N = 8
73334.305367	0.007294	73334.312661	0
74754.780941	0.013760	74754.794702	1
t = 512.000000	N = 8
45345.733619	0.004921	45345.738540	0
49066.539044	0.012053	49066.551097	1
t = 513.000000	N = 8
93489.573064	0.005874	93489.578938	0
70184.398572	0.005255	70184.403827	1
t = 514.000000	N = 8
66866.887470	0.022649	66866.910119	0
54912.688609	0.025001	54912.713610	1
t = 515.000000	N = 8
91240.262399	0.008278	91240.270678	0
76512.967948	0.018830	76512.986778	1
t = 516.000000	N = 8
114987.825484	0.005029	114987.830512	0
62514.346865	0.006691	62514.353555	1
t = 517.000000	N = 8
53798.941677	0.009386	53798.951063	0
55582.806680	0.021691	55582.828371	1
t = 518.000000	N = 8
81126.765147	0.007013	81126.772161	0
53479.357332	0.008007	53479.365339	1
t = 519.000000	N = 8
79035.074114	0.012837	79035.086951	0
79675.313540	0.018940	79675.332480	1
t = 520.000000	N = 8
72124.392666	0.019061	72124.411727	0
110555.669551	0.005302	110555.674854	1
t = 521.000000	N = 8
241402.961602	0.010829	241402.972431	0
364565.859527	0.009316	364565.868843	1
t = 522.000000	N = 8
341950.279663	0.012147	341950.291810	0
300947.581870	0.011380	300947.593250	1
t = 523.000000	N = 8
42261.435464	0.022821	42261.458284	0
60678.780901	0.013194	60678.794095	1
t = 524.000000	N = 8
110038.058247	0.013879	110038.072127	0
111243.827985	0.003888	111243.831873	1
t = 525.000000	N = 8
117467.728402	0.012749	117467.741151	0
100596.612681	0.004440	100596.617121	1
t = 526.000000	N = 8
46059.553087	0.023662	46059.576749	0
59441.843742	0.028821	59441.872563	1
t = 527.000000	N = 8
86967.133896	0.026122	86967.160017	0
58538.259487	0.008843	58538.268331	1
t = 528.000000	N = 8
146287.178312	0.025741	146287.204052	0
25188.049858	0.010432	25188.060290	1
t = 529.000000	N = 8
99119.892844	0.016945	99119.909790	0
97069.910840	0.018038	97069.928878	1
t = 530.000000	N = 8
112972.482036	0.017151	112972.499187	0
75212.211342	0.025695	75212.237037	1
t = 531.000000	N = 8
26529.059008	0.013107	26529.072115	0
132312.217564	0.014149	132312.231713	1
t = 532.000000	N = 8
73802.408903	0.006550	73802.415453	0
47138.470340	0.011201	47138.481541	1
t = 533.000000	N = 8
129751.345569	0.006791	129751.352360	0
105858.839134	0.008089	105858.847224	1
t = 534.000000	N = 8
155452.155850	0.023768	155452.179618	0
133983.800558	0.006781	133983.807339	1
t = 535.000000	N = 8
96980.665900	0.007103	96980.673003	0
104794.235124	0.016414	104794.251538	1
t = 536.000000	N = 8
146283.793140	0.022658	146283.815798	0
96899.477980	0.010917	96899.488896	1
t = 537.000000	N = 8
134380.275527	0.017745	134380.293272	0
106205.550360	0.023405	106205.573764	1
t = 538.000000	N = 8
73833.306687	0.003430	73833.310117	0
43083.949729	0.002190	43083.951920	1
t = 539.000000	N = 8
192012.525294	0.004945	192012.530239	0
242752.291304	0.006486	242752.297790	1
t = 540.000000	N = 8
92754.458698	0.016071	92754.474769	0
59294.511939	0.030313	59294.542252	1
t = 541.000000	N = 8
96472.745997	0.020968	96472.766965	0
51087.500425	0.011285	51087.511709	1
t = 542.000000	N = 8
90981.805391	0.013190	90981.818580	0
66479.257540	0.008539	66479.266078	1
t = 543.000000	N = 8
30168.600015	0.023284	30168.623299	0
39129.677298	0.013312	39129.690610	1
t = 544.000000	N = 8
43204.052585	0.008275	43204.060860	0
128266.559922	0.013751	128266.573673	1
t = 545.000000	N = 8
38919.838477	0.018854	38919.857331	0
57678.381675	0.013728	57678.395403	1
t = 546.000000	N = 8
144883.605617	0.026939	144883.632556	0
75885.001108	0.030979	75885.032087	1
t = 547.000000	N = 8
40095.924311	0.018311	40095.942622	0
119018.459942	0.022109	119018.482051	1
t = 548.000000	N = 8
96797.079043	0.038356	96797.117399	0
114327.495747	0.011145	114327.506892	1
t = 549.000000	N = 8
98146.702446	0.020621	98146.723067	0
134300.650734	0.022567	134300.673301	1
t = 550.000000	N = 8
37098.021074	0.027950	37098.049024	0
141555.614931	0.026556	141555.641486	1
t = 551.000000	N = 8
73600.386830	0.022733	73600.409562	0
34666.963432	0.011380	34666.974813	1
t = 552.000000	N = 8
87481.849799	0.032632	87481.882431	0
39198.574590	0.019561	39198.594151	1
t = 553.000000	N = 8
118433.154338	0.024412	118433.178750	0
93042.926722	0.032736	93042.959457	1
t = 554.000000	N = 8
47612.230798	0.037001	47612.267799	0
86801.144472	0.021995	86801.166466	1
t = 555.000000	N = 8
92971.821420	0.057101	92971.878520	0
77623.077513	0.012240	77623.089753	1
t = 556.000000	N = 8
103735.009146	0.037031	103735.046176	0
79605.640949	0.027970	79605.668920	1
t = 557.000000	N = 8
202525.082828	0.046404	202525.129232	0
53859.653485	0.007406	53859.660891	1
t = 558.000000	N = 8
85241.534849	0.020043	85241.554892	0
173314.610166	0.021039	173314.631205	1
t = 559.000000	N = 8
76031.801511	0.048927	76031.850437	0
124172.300995	0.025021	124172.326016	1
t = 560.000000	N = 8
78030.294621	0.017935	78030.312556	0
93299.813918	0.046137	93299.860055	1
t = 561.000000	N = 8
78594.934676	0.026108	78594.960784	0
92885.624990	0.021468	92885.646458	1
t = 562.000000	N = 8
44973.930046	0.029272	44973.959318	0
49969.006547	0.011349	49969.017896	1
t = 563.000000	N = 8
77695.172426	0.029539	77695.201964	0
172043.496164	0.021561	172043.517725	1
t = 564.000000	N = 8
56353.815586	0.037727	56353.853313	0
50446.860081	0.020009	50446.880089	1
t = 565.000000	N = 8
160090.087589	0.029111	160090.116700	0
180269.666676	0.013312	180269.679987	1
t = 566.000000	N = 8
104338.728772	0.024107	104338.752879	0
100256.157328	0.028157	100256.185485	1
t = 567.000000	N = 8
77376.579260	0.027248	77376.606508	0
30710.918316	0.025323	30710.943639	1
t = 568.000000	N = 8
112079.387422	0.055519	112079.442941	0
100269.381411	0.016706	100269.398117	1
t = 569.000000	N = 8
58041.046554	0.038908	58041.085462	0
80646.182560	0.010541	80646.193101	1
t = 570.000000	N = 8
108167.992096	0.012063	108168.004160	0
118140.386249	0.011827	118140.398076	1
t = 571.000000	N = 8
140689.947718	0.048333	140689.996051	0
82033.386155	0.028246	82033.414401	1
t = 572.000000	N = 8
78025.152431	0.053249	78025.205679	0
48178.547120	0.008179	48178.555299	1
t = 573.000000	N = 8
52377.001263	0.021785	52377.023049	0
41667.011246	0.014860	41667.026106	1
t = 574.000000	N = 8
73786.054129	0.021992	73786.076121	0
153586.313823	0.023029	153586.336853	1
t = 575.000000	N = 8
74974.400707	0.019152	74974.419859	0
51438.081057	0.050608	51438.131664	1
t = 576.000000	N = 8
48674.427378	0.025315	48674.452693	0
161420.206889	0.005463	161420.212353	1
t = 577.000000	N = 8
85353.031344	0.029823	85353.061167	0
142105.949323	0.012754	142105.962077	1
t = 578.000000	N = 8
45861.835209	0.017643	45861.852852	0
30305.662476	0.008753	30305.671229	1
t = 579.000000	N = 8
52240.102761	0.045882	52240.148643	0
80546.538592	0.009047	80546.547639	1
t = 580.000000	N = 8
67642.037431	0.025870	67642.063300	0
71396.379651	0.024207	71396.403858	1
t = 581.000000	N = 8
97773.465960	0.038923	97773.504883	0
127682.345215	0.019510	127682.364725	1
t = 582.000000	N = 8
73774.886104	0.025464	73774.911568	0
72764.827288	0.022918	72764.850206	1
t = 583.000000	N = 8
167459.659092	0.029894	167459.688985	0
161043.058899	0.015539	161043.074438	1
t = 584.000000	N = 8
71111.439062	0.019713	71111.458775	0
72207.234713	0.010527	72207.245240	1
t = 585.000000	N = 8
60295.154549	0.005372	60295.159921	0
79918.265952	0.013410	79918.279362	1
t = 586.000000	N = 8
48811.443798	0.036642	48811.480440	0
98518.761156	0.004203	98518.765359	1
t = 587.000000	N = 8
53786.845316	0.043093	53786.888409	0
58794.758496	0.008246	58794.766743	1
t = 588.000000	N = 8
120030.812542	0.039386	120030.851928	0
96488.026272	0.015473	96488.041744	1
t = 589.000000	N = 8
119248.907253	0.022876	119248.930129	0
82593.485284	0.021291	82593.506575	1
t = 590.000000	N = 8
91086.152199	0.034929	91086.187128	0
16988.897191	0.011455	16988.908646	1
t = 591.000000	N = 8
104767.943857	0.032933	104767.976790	0
64603.447198	0.019357	64603.466556	1
t = 592.000000	N = 8
88300.956484	0.012087	88300.968571	0
32896.202274	0.008156	32896.210430	1
t = 593.000000	N = 8
73904.033728	0.027278	73904.061006	0
22439.550908	0.009485	22439.560393	1
t = 594.000000	N = 8
38113.663120	0.012587	38113.675707	0
10253.079415	0.026735	10253.106150	1
t = 595.000000	N = 8
54679.544604	0.029547	54679.574151	0
89015.043598	0.015476	89015.059074	1
t = 596.000000	N = 8
100503.682008	0.031720	100503.713728	0
65951.834538	0.012074	65951.846612	1
t = 597.000000	N = 8
74646.348703	0.015899	74646.364602	0
61664.000809	0.011755	61664.012565	1
t = 598.000000	N = 8
31203.865410	0.015604	31203.881014	0
53633.719489	0.009654	53633.729143	1
t = 599.000000	N = 8
51377.829653	0.009149	51377.838802	0
56987.252240	0.011293	56987.263533	1
t = 600.000000	N = 8
26559.652675	0.006096	26559.658771	0
31923.201808	0.018493	31923.220301	1
t = 601.000000	N = 8
45534.448183	0.019408	45534.467591	0
83516.988988	0.024753	83517.013741	1
t = 602.000000	N = 8
107608.133500	0.009797	107608.143297	0
113682.739417	0.007466	113682.746883	1
t = 603.000000	N = 8
98932.330953	0.040678	98932.371631	0
103996.930250	0.020883	103996.951133	1
t = 604.000000	N = 8
48803.638964	0.016749	48803.655713	0
59529.208172	0.022806	59529.230978	1
t = 605.000000	N = 8
84588.560369	0.021277	84588.581647	0
114196.842532	0.004702	114196.847234	1
t = 606.000000	N = 8
157788.919188	0.012600	157788.931788	0
72154.603375	0.016132	72154.619507	1
t = 607.000000	N = 8
59199.254307	0.014826	59199.269133	0
42365.200794	0.034662	42365.235456	1
t = 608.000000	N = 8
71282.232186	0.016219	71282.248404	0
76893.022096	0.037931	76893.060027	1
t = 609.000000	N = 8
61614.992114	0.015813	61615.007927	0
189637.562037	0.017049	189637.579086	1
t = 610.000000	N = 8
63264.565682	0.006358	63264.572040	0
112035.026595	0.004838	112035.031433	1
t = 611.000000	N = 8
72022.086830	0.045661	72022.132492	0
45559.868187	0.011229	45559.879415	1
t = 612.000000	N = 8
67040.434178	0.006167	67040.440345	0
57130.142989	0.031297	57130.174286	1
t = 613.000000	N = 8
96285.374459	0.019211	96285.393669	0
66529.146117	0.048940	66529.195058	1
t = 614.000000	N = 8
60504.202050	0.031838	60504.233888	0
118335.632219	0.014573	118335.646792	1
t = 615.000000	N = 8
162252.794233	0.035296	162252.829529	0
67155.550808	0.019389	67155.570196	1
t = 616.000000	N = 8
26214.515707	0.045157	26214.560864	0
119608.969528	0.010913	119608.980441	1
t = 617.000000	N = 8
40516.454847	0.027344	40516.482191	0
69098.814069	0.018177	69098.832246	1
t = 618.000000	N = 8
28366.135617	0.012872	28366.148489	0
112072.467764	0.008983	112072.476747	1
t = 619.000000	N = 8
71495.095127	0.009699	71495.104826	0
66329.751404	0.017534	66329.768938	1
t = 620.000000	N = 8
65084.018467	0.018823	65084.037290	0
79680.816223	0.013149	79680.829372	1
t = 621.000000	N = 8
186573.716484	0.013702	186573.730185	0
148709.162328	0.006194	148709.168523	1
t = 622.000000	N = 8
73664.606913	0.031906	73664.638819	0
96174.010098	0.025707	96174.035805	1
t = 623.000000	N = 8
27436.530327	0.011342	27436.541669	0
44816.448479	0.011623	44816.460102	1
t = 624.000000	N = 8
64459.194468	0.010152	64459.204619	0
66000.705683	0.019236	66000.724918	1
t = 625.000000	N = 8
83414.807940	0.015327	83414.823268	0
61783.607131	0.018467	61783.625599	1
t = 626.000000	N = 8
46198.896207	0.035042	46198.931250	0
39365.508540	0.015186	39365.523726	1
t = 627.000000	N = 8
109953.453016	0.016723	109953.469738	0
90542.889092	0.021637	90542.910729	1
t = 628.000000	N = 8
86325.195503	0.010458	86325.205961	0
153244.350388	0.034479	153244.384867	1
t = 629.000000	N = 8
129889.002851	0.007426	129889.010276	0
50845.568064	0.017260	50845.585324	1
t = 630.000000	N = 8
179030.915867	0.013420	179030.929286	0
32933.510788	0.013608	32933.524396	1
t = 631.000000	N = 8
79752.025455	0.016657	79752.042111	0
97315.130665	0.015022	97315.145687	1
t = 632.000000	N = 8
114138.717668	0.008069	114138.725737	0
91710.636424	0.016048	91710.652473	1
t = 633.000000	N = 8
121320.350091	0.020301	121320.370392	0
68770.089348	0.021288	68770.110635	1
t = 634.000000	N = 8
91041.222935	0.002962	91041.225897	0
93453.822013	0.003092	93453.825105	1
t = 635.000000	N = 8
47759.440897	0.012677	47759.453574	0
51265.300056	0.019555	51265.319611	1
t = 636.000000	N = 8
119317.981314	0.017608	119317.998922	0
68538.581485	0.013953	68538.595438	1
t = 637.000000	N = 8
20796.076279	0.017107	20796.093386	0
66761.448249	0.015526	66761.463774	1
t = 638.000000	N = 8
35504.518920	0.024832	35504.543752	0
108103.969799	0.031658	108104.001457	1
t = 639.000000	N = 8
85150.695437	0.018217	85150.713654	0
30688.216817	0.027167	30688.243984	1
t = 640.000000	N = 8
77968.386573	0.034867	77968.421440	0
116752.793130	0.015904	116752.809034	1
t = 641.000000	N = 8
64456.685498	0.023441	64456.708939	0
130475.255999	0.025863	130475.281862	1
t = 642.000000	N = 8
71714.663371	0.011182	71714.674553	0
215498.805181	0.005538	215498.810719	1
t = 643.000000	N = 8
76733.330476	0.025283	76733.355759	0
50046.008557	0.016291	50046.024848	1
t = 644.000000	N = 8
62284.634201	0.008990	62284.643191	0
60217.974933	0.005394	60217.980327	1
t = 645.000000	N = 8
222032.046813	0.010626	222032.057440	0
59900.597051	0.008445	59900.605496	1
t = 646.000000	N = 8
97644.069024	0.009036	97644.078061	0
45216.403463	0.017974	45216.421437	1
t = 647.000000	N = 8
62791.701365	0.013365	62791.714731	0
60830.447971	0.018729	60830.466699	1
t = 648.000000	N = 8
139576.183518	0.009130	139576.192648	0
120914.100319	0.014083	120914.114402	1
t = 649.000000	N = 8
85485.869816	0.007592	85485.877409	0
158404.683088	0.030816	158404.713904	1
t = 650.000000	N = 8
105977.457253	0.023805	105977.481057	0
115420.425108	0.006062	115420.431170	1
t = 651.000000	N = 8
76618.888356	0.012252	76618.900609	0
76049.707755	0.006735	76049.714490	1
t = 652.000000	N = 8
82495.580801	0.034966	82495.615768	0
52686.445816	0.004795	52686.450611	1
t = 653.000000	N = 8
111652.254069	0.007522	111652.261591	0
67338.116604	0.008989	67338.125593	1
t = 654.000000	N = 8
49826.353785	0.028029	49826.381813	0
147140.520117	0.013626	147140.533743	1
t = 655.000000	N = 8
83660.036858	0.007097	83660.043954	0
52077.063189	0.015134	52077.078324	1
t = 656.000000	N = 8
65807.951645	0.032411	65807.984056	0
105890.045434	0.014401	105890.059835	1
t = 657.000000	N = 8
38348.463629	0.020465	38348.484094	0
64413.360012	0.020246	64413.380258	1
t = 658.000000	N = 8
93615.454636	0.015750	93615.470386	0
86070.375467	0.022051	86070.397517	1
t = 659.000000	N = 8
67428.427716	0.017249	67428.444966	0
197855.873544	0.043647	197855.917192	1
t = 660.000000	N = 8
53514.784260	0.020676	53514.804936	0
53953.895948	0.004351	53953.900299	1
t = 661.000000	N = 8
61587.494400	0.015633	61587.510032	0
80064.416923	0.006918	80064.423841	1
t = 662.000000	N = 8
102678.361061	0.005032	102678.366093	0
88231.750455	0.011678	88231.762133	1
t = 663.000000	N = 8
130050.127372	0.009811	130050.137183	0
50255.059459	0.006916	50255.066376	1
t = 664.000000	N = 8
72339.640219	0.011417	72339.651637	0
72272.194758	0.022596	72272.217354	1
t = 665.000000	N = 8
99361.686692	0.011390	99361.698082	0
35671.472223	0.012847	35671.485070	1
t = 666.000000	N = 8
112415.444069	0.014230	112415.458299	0
217072.427938	0.004352	217072.432290	1
t = 667.000000	N = 8
70868.790206	0.012550	70868.802757	0
68453.815571	0.022303	68453.837873	1
t = 668.000000	N = 8
132665.516150	0.009109	132665.525258	0
89763.790496	0.016585	89763.807080	1
t = 669.000000	N = 8
52124.523788	0.021066	52124.544854	0
78689.120484	0.008784	78689.129268	1
t = 670.000000	N = 8
86165.451333	0.036521	86165.487854	0
113308.414170	0.018115	113308.432285	1
t = 671.000000	N = 8
60404.692746	0.021637	60404.714382	0
129486.331882	0.021833	129486.353715	1
t = 672.000000	N = 8
92444.467567	0.040056	92444.507623	0
154103.878764	0.021628	154103.900392	1
t = 673.000000	N = 8
110566.874782	0.011481	110566.886263	0
78274.034991	0.029153	78274.064144	1
t = 674.000000	N = 8
89110.766725	0.025001	89110.791726	0
36967.160442	0.021640	36967.182082	1
t = 675.000000	N = 8
89403.283159	0.014304	89403.297464	0
86008.434281	0.034864	86008.469145	1
t = 676.000000	N = 8
118866.932629	0.015776	118866.948405	0
57492.427493	0.017086	57492.444579	1
t = 677.000000	N = 8
98389.029468	0.002589	98389.032057	0
111862.138354	0.026522	111862.164877	1
t = 678.000000	N = 8
54448.034736	0.026693	54448.061428	0
73794.048558	0.007927	73794.056485	1
t = 679.000000	N = 8
115898.293581	0.010687	115898.304268	0
70993.957403	0.005457	70993.962860	1
t = 680.000000	N = 8
50972.498045	0.014427	50972.512472	0
112187.087994	0.022539	112187.110534	1
t = 681.000000	N = 8
49585.313400	0.003866	49585.317265	0
71459.233452	0.002891	71459.236343	1
t = 682.000000	N = 8
65331.630177	0.017027	65331.647204	0
107491.574843	0.018746	107491.593589	1
t = 683.000000	N = 8
136863.148618	0.015671	136863.164289	0
39978.079126	0.015706	39978.094831	1
t = 684.000000	N = 8
78295.363353	0.017937	78295.381289	0
67890.912417	0.009694	67890.922112	1
t = 685.000000	N = 8
90300.783063	0.023343	90300.806406	0
54280.443569	0.019729	54280.463298	1
t = 686.000000	N = 8
52329.971573	0.039277	52330.010850	0
86317.703785	0.008330	86317.712115	1
t = 687.000000	N = 8
89997.888035	0.023621	89997.911656	0
96644.332686	0.009587	96644.342273	1
t = 688.000000	N = 8
67869.397696	0.020424	67869.418120	0
92235.184239	0.016093	92235.200332	1
t = 689.000000	N = 8
80845.293282	0.020840	80845.314123	0
139683.319060	0.015926	139683.334985	1
t = 690.000000	N = 8
38553.300050	0.010165	38553.310215	0
31682.849826	0.010339	31682.860165	1
t = 691.000000	N = 8
161112.124689	0.026442	161112.151131	0
56756.878754	0.009970	56756.888724	1
t = 692.000000	N = 8
117578.103960	0.022484	117578.126443	0
83349.923905	0.008442	83349.932346	1
t = 693.000000	N = 8
85445.313792	0.010104	85445.323896	0
67688.872150	0.010034	67688.882184	1
t = 694.000000	N = 8
77331.464345	0.009241	77331.473586	0
57006.601335	0.015154	57006.616489	1
t = 695.000000	N = 8
89434.240857	0.013532	89434.254389	0
70124.750026	0.016449	70124.766475	1
t = 696.000000	N = 8
55446.820404	0.009919	55446.830323	0
68640.652092	0.019056	68640.671148	1
t = 697.000000	N = 8
77905.137778	0.014366	77905.152144	0
91337.486536	0.004211	91337.490747	1
t = 698.000000	N = 8
100470.658172	0.015974	100470.674146	0
66769.140237	0.012441	66769.152678	1
t = 699.000000	N = 8
65621.768272	0.028635	65621.796907	0
84349.332254	0.017725	84349.349979	1
t = 700.000000	N = 8
136307.109831	0.013126	136307.122957	0
75090.289187	0.021667	75090.310854	1
t = 701.000000	N = 8
69740.040528	0.010018	69740.050545	0
51600.294829	0.032062	51600.326892	1
t = 702.000000	N = 8
117429.328743	0.018534	117429.347278	0
80499.585887	0.006970	80499.592858	1
t = 703.000000	N = 8
84001.538684	0.005981	84001.544665	0
54203.919911	0.017993	54203.937904	1
t = 704.000000	N = 8
98306.434402	0.023533	98306.457935	0
73641.313856	0.008899	73641.322755	1
t = 705.000000	N = 8
64325.848654	0.017131	64325.865785	0
67527.018167	0.027455	67527.045622	1
t = 706.000000	N = 8
58435.748164	0.010158	58435.758323	0
70236.911326	0.023101	70236.934428	1
t = 707.000000	N = 8
70911.563805	0.004722	70911.568527	0
24001.000057	0.008300	24001.008357	1
t = 708.000000	N = 8
75433.199365	0.019279	75433.218644	0
114020.219153	0.029992	114020.249145	1
t = 709.000000	N = 8
63860.562769	0.020970	63860.583739	0
138580.599132	0.023654	138580.622787	1
t = 710.000000	N = 8
108555.686966	0.006752	108555.693718	0
69154.907182	0.032588	69154.939770	1
t = 711.000000	N = 8
76955.842493	0.011661	76955.854154	0
68313.227405	0.030796	68313.258201	1
t = 712.000000	N = 8
103370.683319	0.013148	103370.696467	0
45313.048800	0.028161	45313.076962	1
t = 713.000000	N = 8
150265.825587	0.028319	150265.853906	0
36536.032286	0.016188	36536.048475	1
t = 714.000000	N = 8
38595.683341	0.006597	38595.689938	0
77120.132469	0.005459	77120.137927	1
t = 715.000000	N = 8
47349.397331	0.011743	47349.409073	0
171541.771797	0.012085	171541.783883	1
t = 716.000000	N = 8
36835.744996	0.024169	36835.769166	0
80465.775258	0.017220	80465.792478	1
t = 717.000000	N = 8
94972.409553	0.020211	94972.429764	0
81878.104204	0.019093	81878.123297	1
t = 718.000000	N = 8
72000.528554	0.016190	72000.544743	0
53493.030432	0.021112	53493.051544	1
t = 719.000000	N = 8
30535.138861	0.002836	30535.141697	0
75517.606499	0.016134	75517.622633	1
t = 720.000000	N = 8
61683.322531	0.017352	61683.339884	0
70169.974366	0.007302	70169.981668	1
t = 721.000000	N = 8
147947.528627	0.005440	147947.534067	0
179778.466501	0.012865	179778.479366	1
t = 722.000000	N = 8
90658.848333	0.003580	90658.851913	0
19243.459290	0.011710	19243.471000	1
t = 723.000000	N = 8
55866.264438	0.026206	55866.290644	0
65596.716830	0.008022	65596.724852	1
t = 724.000000	N = 8
164748.677489	0.014427	164748.691916	0
92979.001258	0.012176	92979.013434	1
t = 725.000000	N = 8
39025.027120	0.008308	39025.035428	0
76626.001477	0.032682	76626.034159	1
t = 726.000000	N = 8
129737.784738	0.010682	129737.795420	0
41940.563492	0.020346	41940.583838	1
t = 727.000000	N = 8
36521.004019	0.007091	36521.011110	0
70287.908205	0.011307	70287.919512	1
t = 728.000000	N = 8
58501.684300	0.021660	58501.705960	0
76259.954493	0.020257	76259.974751	1
t = 729.000000	N = 8
74821.873345	0.006611	74821.879955	0
63582.580390	0.012271	63582.592662	1
t = 730.000000	N = 8
138580.572310	0.009342	138580.581652	0
58097.513443	0.019836	58097.533280	1
t = 731.000000	N = 8
75365.075252	0.022515	75365.097767	0
61115.569832	0.033485	61115.603317	1
t = 732.000000	N = 8
68302.440431	0.031125	68302.471555	0
105994.793414	0.008236	105994.801650	1
t = 733.000000	N = 8
30620.480706	0.019036	30620.499742	0
93856.556443	0.013944	93856.570387	1
t = 734.000000	N = 8
75753.149645	0.003421	75753.153067	0
105548.956886	0.026759	105548.983645	1
t = 735.000000	N = 8
53311.228919	0.015549	53311.244467	0
77533.771207	0.018216	77533.789423	1
t = 736.000000	N = 8
148228.432983	0.019151	148228.452134	0
39340.449289	0.006734	39340.456023	1
t = 737.000000	N = 8
65975.886557	0.008962	65975.895519	0
173630.196909	0.008325	173630.205234	1
t = 738.000000	N = 8
23611.160664	0.016654	23611.177318	0
125363.386624	0.013974	125363.400598	1
t = 739.000000	N = 8
36388.263425	0.012994	36388.276420	0
88437.650958	0.016085	88437.667043	1
t = 740.000000	N = 8
42123.720873	0.020708	42123.741580	0
205235.234537	0.005529	205235.240066	1
t = 741.000000	N = 8
72178.185129	0.004297	72178.189426	0
84695.455922	0.014675	84695.470596	1
t = 742.000000	N = 8
58085.790982	0.021394	58085.812376	0
48280.673992	0.007684	48280.681676	1
t = 743.000000	N = 8
48051.533155	0.028391	48051.561546	0
78456.467782	0.017027	78456.484809	1
t = 744.000000	N = 8
74056.057823	0.005958	74056.063780	0
64593.836296	0.012752	64593.849048	1
t = 745.000000	N = 8
103308.489300	0.014306	103308.503606	0
123989.398545	0.009314	123989.407859	1
t = 746.000000	N = 8
141179.730105	0.029531	141179.759636	0
107117.129300	0.038252	107117.167552	1
t = 747.000000	N = 8
76130.091350	0.011287	76130.102637	0
73834.594831	0.008677	73834.603508	1
t = 748.000000	N = 8
71020.692589	0.013018	71020.705607	0
47697.023980	0.008714	47697.032694	1
t = 749.000000	N = 8
57031.070124	0.029071	57031.099194	0
59835.418872	0.023661	59835.442533	1
t = 750.000000	N = 8
63876.245840	0.005385	63876.251225	0
51355.705115	0.014663	51355.719778	1
t = 751.000000	N = 8
76199.052501	0.023192	76199.075693	0
104634.498259	0.025607	104634.523866	1
t = 752.000000	N = 8
90437.916300	0.029372	90437.945672	0
105690.241348	0.012124	105690.253473	1
t = 753.000000	N = 8
135020.528762	0.037284	135020.566047	0
73794.909829	0.015990	73794.925819	1
t = 754.000000	N = 8
80469.984196	0.020423	80470.004619	0
59659.253493	0.024265	59659.277758	1
t = 755.000000	N = 8
46102.586799	0.023824	46102.610623	0
95017.093642	0.012513	95017.106155	1
t = 756.000000	N = 8
65165.579364	0.013989	65165.593353	0
109444.844189	0.030832	109444.875021	1
t = 757.000000	N = 8
145517.718851	0.005211	145517.724063	0
123925.008387	0.007356	123925.015743	1
t = 758.000000	N = 8
64850.731675	0.026835	64850.758510	0
96555.067304	0.011822	96555.079126	1
t = 759.000000	N = 8
132289.300358	0.009085	132289.309442	0
73385.042609	0.017442	73385.060051	1
t = 760.000000	N = 8
50362.702151	0.008447	50362.710598	0
96472.742270	0.012365	96472.754635	1
t = 761.000000	N = 8
24393.451062	0.007114	24393.458176	0
125252.011071	0.010525	125252.021596	1
t = 762.000000	N = 8
82565.761825	0.023389	82565.785214	0
47378.648531	0.017323	47378.665854	1
t = 763.000000	N = 8
57031.647410	0.005061	57031.652471	0
81400.174084	0.035235	81400.209319	1
t = 764.000000	N = 8
51485.845815	0.015886	51485.861702	0
38994.618974	0.012699	38994.631673	1
t = 765.000000	N = 8
77696.083822	0.015350	77696.099173	0
109625.227926	0.003602	109625.231527	1
t = 766.000000	N = 8
94293.928077	0.020107	94293.948184	0
70836.692706	0.036929	70836.729635	1
t = 767.000000	N = 8
109462.392761	0.016721	109462.409481	0
45385.872792	0.017525	45385.890317	1
t = 768.000000	N = 8
97886.050523	0.012866	97886.063389	0
15046.022143	0.010766	15046.032908	1
t = 769.000000	N = 8
92002.222784	0.009047	92002.231831	0
77767.418139	0.013606	77767.431745	1
t = 770.000000	N = 8
61573.636691	0.031781	61573.668472	0
81029.042899	0.008648	81029.051547	1
t = 771.000000	N = 8
67425.173174	0.023551	67425.196725	0
74417.110037	0.034839	74417.144876	1
t = 772.000000	N = 8
61690.697807	0.020025	61690.717832	0
123889.435131	0.018150	123889.453281	1
t = 773.000000	N = 8
114164.862669	0.017897	114164.880566	0
83287.063713	0.005525	83287.069238	1
t = 774.000000	N = 8
185172.282162	0.009202	185172.291364	0
85924.014262	0.014386	85924.028648	1
t = 775.000000	N = 8
73138.571500	0.020863	73138.592363	0
119016.173797	0.018974	119016.192771	1
t = 776.000000	N = 8
70470.449438	0.019313	70470.468750	0
21037.329246	0.007460	21037.336706	1
t = 777.000000	N = 8
105363.662750	0.030956	105363.693706	0
47339.423489	0.042880	47339.466370	1
t = 778.000000	N = 8
59228.234327	0.020583	59228.254910	0
80304.876728	0.014301	80304.891029	1
t = 779.000000	N = 8
113751.031810	0.002723	113751.034533	0
49114.457191	0.012693	49114.469884	1
t = 780.000000	N = 8
112011.750023	0.017978	112011.768001	0
110041.037116	0.012988	110041.050104	1
t = 781.000000	N = 8
121040.211697	0.016788	121040.228485	0
59264.532997	0.008702	59264.541699	1
t = 782.000000	N = 8
57487.842602	0.011944	57487.854546	0
99841.868017	0.009239	99841.877256	1
t = 783.000000	N = 8
119602.307058	0.007496	119602.314554	0
56577.353194	0.008205	56577.361399	1
t = 784.000000	N = 8
102346.095416	0.033378	102346.128794	0
72627.599858	0.017884	72627.617741	1
t = 785.000000	N = 8
26483.957597	0.010296	26483.967893	0
122880.594912	0.016297	122880.611210	1
t = 786.000000	N = 8
31746.187088	0.009609	31746.196696	0
154684.490155	0.007649	154684.497804	1
t = 787.000000	N = 8
107319.842297	0.018063	107319.860361	0
81600.752754	0.013302	81600.766056	1
t = 788.000000	N = 8
105302.515923	0.018026	105302.533949	0
64723.305192	0.007790	64723.312983	1
t = 789.000000	N = 8
190484.477720	0.011739	190484.489459	0
100863.686066	0.013914	100863.699980	1
t = 790.000000	N = 8
112954.134832	0.015607	112954.150438	0
80715.069801	0.010050	80715.079851	1
t = 791.000000	N = 8
55173.560635	0.035485	55173.596120	0
101094.338725	0.023878	101094.362603	1
t = 792.000000	N = 8
79062.506103	0.020682	79062.526785	0
117505.941745	0.004662	117505.946407	1
t = 793.000000	N = 8
102565.162264	0.027141	102565.189405	0
35147.942047	0.005884	35147.947931	1
t = 794.000000	N = 8
55371.141612	0.015341	55371.156953	0
72144.514978	0.022340	72144.537319	1
t = 795.000000	N = 8
72440.524925	0.027461	72440.552385	0
140778.606962	0.003242	140778.610204	1
t = 796.000000	N = 8
92252.679153	0.025036	92252.704189	0
103353.002318	0.026830	103353.029148	1
t = 797.000000	N = 8
47837.904430	0.009870	47837.914299	0
77794.724763	0.014018	77794.738781	1
t = 798.000000	N = 8
116144.037531	0.010177	116144.047709	0
126464.663209	0.014232	126464.677441	1
t = 799.000000	N = 8
140629.806509	0.012743	140629.819252	0
57603.578959	0.009340	57603.588299	1
t = 800.000000	N = 8
55805.374079	0.019223	55805.393302	0
88547.589805	0.005872	88547.595677	1
t = 801.000000	N = 8
142953.335427	0.017146	142953.352573	0
38860.511491	0.010589	38860.522080	1
t = 802.000000	N = 8
50989.138917	0.025464	50989.164381	0
59749.471508	0.037026	59749.508535	1
t = 803.000000	N = 8
91951.471801	0.005571	91951.477372	0
77105.636280	0.022846	77105.659126	1
t = 804.000000	N = 8
75936.761766	0.025465	75936.787231	0
146810.341871	0.012164	146810.354035	1
t = 805.000000	N = 8
22791.686369	0.007489	22791.693858	0
107395.081276	0.011260	107395.092536	1
t = 806.000000	N = 8
57730.573989	0.009317	57730.583306	0
65036.756199	0.028654	65036.784853	1
t = 807.000000	N = 8
117983.077886	0.018019	117983.095905	0
84966.501088	0.009498	84966.510586	1
t = 808.000000	N = 8
155373.071029	0.009299	155373.080328	0
73421.918277	0.006386	73421.924663	1
t = 809.000000	N = 8
54145.721521	0.016180	54145.737700	0
160001.607812	0.005300	160001.613111	1
t = 810.000000	N = 8
65063.558212	0.006751	65063.564963	0
73710.533824	0.014091	73710.547915	1
t = 811.000000	N = 8
72774.748821	0.011024	72774.759845	0
49378.800552	0.025027	49378.825579	1
t = 812.000000	N = 8
100684.811793	0.021832	100684.833625	0
182383.754987	0.003562	182383.758549	1
t = 813.000000	N = 8
127252.625593	0.023561	127252.649154	0
99503.886133	0.018798	99503.904930	1
t = 814.000000	N = 8
50360.794460	0.028034	50360.822494	0
102267.930752	0.012501	102267.943254	1
t = 815.000000	N = 8
167853.753817	0.009538	167853.763355	0
48188.917654	0.046362	48188.964016	1
t = 816.000000	N = 8
113437.721113	0.011168	113437.732282	0
101561.315404	0.011312	101561.326716	1
t = 817.000000	N = 8
136252.554040	0.008369	136252.562409	0
39080.745876	0.008672	39080.754548	1
t = 818.000000	N = 8
66926.036577	0.012745	66926.049322	0
25827.097675	0.017764	25827.115439	1
t = 819.000000	N = 8
106429.435780	0.027765	106429.463545	0
89359.740910	0.017762	89359.758672	1
t = 820.000000	N = 8
36837.257494	0.019322	36837.276816	0
201419.139744	0.012581	201419.152325	1
t = 821.000000	N = 8
69253.152645	0.023215	69253.175859	0
160016.303326	0.012388	160016.315714	1
t = 822.000000	N = 8
93585.303359	0.019460	93585.322819	0
105047.812271	0.008728	105047.820999	1
t = 823.000000	N = 8
66114.817284	0.016237	66114.833521	0
99545.501050	0.010422	99545.511472	1
t = 824.000000	N = 8
77617.633436	0.030239	77617.663675	0
65886.631081	0.005026	65886.636106	1
t = 825.000000	N = 8
70296.336375	0.017212	70296.353587	0
63641.048860	0.009442	63641.058301	1
t = 826.000000	N = 8
110607.547642	0.011653	110607.559294	0
55094.288698	0.014663	55094.303361	1
t = 827.000000	N = 8
53929.995635	0.020874	53930.016509	0
73747.007124	0.002641	73747.009765	1
t = 828.000000	N = 8
39710.109536	0.014003	39710.123539	0
94656.814298	0.018773	94656.833071	1
t = 829.000000	N = 8
54503.320070	0.015941	54503.336011	0
62389.548888	0.011301	62389.560190	1
t = 830.000000	N = 8
93277.558689	0.010516	93277.569205	0
152228.406305	0.018745	152228.425050	1
t = 831.000000	N = 8
46381.545557	0.013612	46381.559168	0
99515.109383	0.018663	99515.128045	1
t = 832.000000	N = 8
82040.786285	0.012473	82040.798758	0
152818.476652	0.009479	152818.486131	1
t = 833.000000	N = 8
75258.975677	0.038565	75259.014242	0
91658.748584	0.011902	91658.760485	1
t = 834.000000	N = 8
55296.411150	0.014981	55296.426130	0
56283.302218	0.037256	56283.339474	1
t = 835.000000	N = 8
108454.906584	0.010316	108454.916900	0
34301.228869	0.006149	34301.235019	1
t = 836.000000	N = 8
99137.776909	0.025328	99137.802237	0
76391.295927	0.012664	76391.308591	1
t = 837.000000	N = 8
83765.624886	0.029140	83765.654026	0
136393.682541	0.017284	136393.699824	1
t = 838.000000	N = 8
84702.502355	0.009143	84702.511497	0
63251.706251	0.016303	63251.722554	1
t = 839.000000	N = 8
66112.915404	0.014078	66112.929482	0
112119.533894	0.006627	112119.540521	1
t = 840.000000	N = 8
55095.457063	0.049341	55095.506404	0
74217.920084	0.024159	74217.944243	1
t = 841.000000	N = 8
77527.344088	0.008781	77527.352869	0
98682.106669	0.020257	98682.126926	1
t = 842.000000	N = 8
53919.379696	0.030546	53919.410241	0
62612.162055	0.037653	62612.199708	1
t = 843.000000	N = 8
81480.071524	0.019906	81480.091429	0
68305.137734	0.013820	68305.151553	1
t = 844.000000	N = 8
142948.858521	0.009405	142948.867926	0
91318.048143	0.011482	91318.059625	1
t = 845.000000	N = 8
45738.245805	0.018967	45738.264772	0
38404.739334	0.005307	38404.744642	1
t = 846.000000	N = 8
62787.859586	0.019584	62787.879170	0
70851.449796	0.012931	70851.462727	1
t = 847.000000	N = 8
191549.162178	0.010479	191549.172657	0
210095.273281	0.020678	210095.293960	1
t = 848.000000	N = 8
104155.108447	0.013055	104155.121502	0
79171.912259	0.014943	79171.927202	1
t = 849.000000	N = 8
106773.941224	0.013348	106773.954573	0
71760.460715	0.017128	71760.477843	1
t = 850.000000	N = 8
92735.974831	0.031716	92736.006547	0
105306.172870	0.004965	105306.177836	1
t = 851.000000	N = 8
77979.285168	0.022636	77979.307803	0
84963.542460	0.018158	84963.560618	1
t = 852.000000	N = 8
75285.171162	0.009931	75285.181093	0
56661.037556	0.019846	56661.057402	1
t = 853.000000	N = 8
87266.754925	0.010953	87266.765878	0
136121.202982	0.025387	136121.228368	1
t = 854.000000	N = 8
85646.773452	0.010367	85646.783819	0
129862.344326	0.007360	129862.351687	1
t = 855.000000	N = 8
43601.252485	0.014338	43601.266823	0
57634.538010	0.017858	57634.555868	1
t = 856.000000	N = 8
184151.985919	0.019941	184152.005860	0
58455.726829	0.012376	58455.739206	1
t = 857.000000	N = 8
248408.991893	0.003696	248408.995589	0
162510.609398	0.002113	162510.611511	1
t = 858.000000	N = 8
133480.641073	0.007575	133480.648648	0
112986.801279	0.006707	112986.807986	1
t = 859.000000	N = 8
112149.409236	0.015763	112149.424999	0
57116.300822	0.010422	57116.311244	1
t = 860.000000	N = 8
61503.432705	0.025045	61503.457750	0
61171.223928	0.010661	61171.234588	1
t = 861.000000	N = 8
101388.202181	0.008767	101388.210948	0
52881.262660	0.019235	52881.281895	1
t = 862.000000	N = 8
50977.673671	0.002879	50977.676550	0
58288.626099	0.020589	58288.646688	1
t = 863.000000	N = 8
81998.362166	0.011289	81998.373455	0
46434.798270	0.006012	46434.804281	1
t = 864.000000	N = 8
66815.234044	0.007918	66815.241962	0
75194.592984	0.014041	75194.607025	1
t = 865.000000	N = 8
135299.124588	0.020562	135299.145150	0
87954.401743	0.008915	87954.410658	1
t = 866.000000	N = 8
48993.191318	0.018311	48993.209630	0
85072.593687	0.009479	85072.603166	1
t = 867.000000	N = 8
115748.898067	0.008582	115748.906650	0
73928.035699	0.007425	73928.043124	1
t = 868.000000	N = 8
21800.633790	0.007022	21800.640812	0
160736.561901	0.027600	160736.589500	1
t = 869.000000	N = 8
144972.693186	0.006487	144972.699673	0
68742.182378	0.013816	68742.196195	1
t = 870.000000	N = 8
99613.503705	0.006417	99613.510122	0
69744.889610	0.012134	69744.901744	1
t = 871.000000	N = 8
63797.499812	0.034581	63797.534393	0
96239.818881	0.005064	96239.823945	1
t = 872.000000	N = 8
72879.799910	0.014311	72879.814221	0
73738.175309	0.021396	73738.196705	1
t = 873.000000	N = 8
160736.624822	0.007907	160736.632730	0
119526.712638	0.017660	119526.730298	1
t = 874.000000	N = 8
70917.473271	0.003476	70917.476747	0
57040.474863	0.024557	57040.499420	1
t = 875.000000	N = 8
128655.582303	0.007552	128655.589855	0
42582.833857	0.013471	42582.847328	1
t = 876.000000	N = 8
84798.945385	0.015175	84798.960560	0
154469.133462	0.011365	154469.144826	1
t = 877.000000	N = 8
150435.445741	0.014874	150435.460614	0
198052.756219	0.020972	198052.777190	1
t = 878.000000	N = 8
79953.092593	0.002446	79953.095039	0
93507.570505	0.021507	93507.592012	1
t = 879.000000	N = 8
123546.449683	0.020803	123546.470485	0
89703.954865	0.006597	89703.961462	1
t = 880.000000	N = 8
91304.651574	0.006942	91304.658516	0
40074.882787	0.006428	40074.889216	1
t = 881.000000	N = 8
120314.004776	0.004306	120314.009081	0
93143.340170	0.014888	93143.355059	1
t = 882.000000	N = 8
114032.932005	0.017326	114032.949331	0
32943.371555	0.011986	32943.383541	1
t = 883.000000	N = 8
202168.022173	0.009589	202168.031761	0
77280.925677	0.007370	77280.933047	1
t = 884.000000	N = 8
101759.370550	0.025077	101759.395628	0
51019.232126	0.012072	51019.244198	1
t = 885.000000	N = 8
73251.219537	0.006626	73251.226163	0
136053.080321	0.009417	136053.089738	1
t = 886.000000	N = 8
104012.657865	0.016733	104012.674598	0
28746.952436	0.010099	28746.962535	1
t = 887.000000	N = 8
109054.424965	0.014338	109054.439303	0
44012.071529	0.022790	44012.094319	1
t = 888.000000	N = 8
74342.763009	0.004566	74342.767575	0
103051.685702	0.020632	103051.706334	1
t = 889.000000	N = 8
42250.048371	0.005126	42250.053497	0
72577.885120	0.016258	72577.901378	1
t = 890.000000	N = 8
76116.504936	0.013586	76116.518522	0
86131.843378	0.016389	86131.859767	1
t = 891.000000	N = 8
95569.570154	0.050951	95569.621104	0
43827.718844	0.006511	43827.725354	1
t = 892.000000	N = 8
51449.533824	0.013019	51449.546843	0
42423.356535	0.005244	42423.361779	1
t = 893.000000	N = 8
123284.131397	0.011532	123284.142930	0
111762.631707	0.020687	111762.652394	1
t = 894.000000	N = 8
43347.056983	0.015379	43347.072362	0
65374.721291	0.012661	65374.733952	1
t = 895.000000	N = 8
87891.541654	0.010164	87891.551818	0
68028.889642	0.012339	68028.901981	1
t = 896.000000	N = 8
38405.465277	0.014477	38405.479754	0
74584.748821	0.006752	74584.755573	1
t = 897.000000	N = 8
79418.952541	0.016539	79418.969080	0
129340.508319	0.012638	129340.520956	1
t = 898.000000	N = 8
62872.851511	0.012957	62872.864468	0
114333.174351	0.017342	114333.191693	1
t = 899.000000	N = 8
46670.324800	0.017848	46670.342648	0
46260.050169	0.023798	46260.073966	1
t = 900.000000	N = 8
99081.258736	0.004467	99081.263203	0
96179.922221	0.006186	96179.928407	1
t = 901.000000	N = 8
133686.330968	0.014824	133686.345791	0
107530.381252	0.016552	107530.397804	1
t = 902.000000	N = 8
133728.918307	0.016152	133728.934458	0
136598.290202	0.011418	136598.301620	1
t = 903.000000	N = 8
61360.583202	0.007988	61360.591190	0
66943.143734	0.012818	66943.156552	1
t = 904.000000	N = 8
52568.029865	0.011510	52568.041374	0
112725.442035	0.024352	112725.466387	1
t = 905.000000	N = 8
120778.518792	0.004265	120778.523057	0
76185.343797	0.010286	76185.354082	1
t = 906.000000	N = 8
208903.556639	0.003824	208903.560463	0
83611.219845	0.018587	83611.238432	1
t = 907.000000	N = 8
58215.490007	0.014820	58215.504827	0
82178.433498	0.024720	82178.458218	1
t = 908.000000	N = 8
49783.843416	0.012388	49783.855805	0
93473.890497	0.010210	93473.900707	1
t = 909.000000	N = 8
85401.721683	0.010437	85401.732120	0
24619.673538	0.013278	24619.686816	1
t = 910.000000	N = 8
113858.268321	0.011622	113858.279943	0
176797.593550	0.010243	176797.603793	1
t = 911.000000	N = 8
195541.012155	0.015849	195541.028004	0
83778.743214	0.015098	83778.758312	1
t = 912.000000	N = 8
94471.435448	0.007851	94471.443299	0
233251.707374	0.016239	233251.723613	1
t = 913.000000	N = 8
63346.736537	0.010329	63346.746866	0
196292.297516	0.011326	196292.308842	1
t = 914.000000	N = 8
40347.196062	0.010766	40347.206829	0
150477.377273	0.006771	150477.384044	1
t = 915.000000	N = 8
168034.417803	0.013829	168034.431631	0
94165.367869	0.007890	94165.375759	1
t = 916.000000	N = 8
120404.573898	0.008686	120404.582584	0
59579.646265	0.023991	59579.670257	1
t = 917.000000	N = 8
92151.155929	0.003856	92151.159785	0
51420.084350	0.038197	51420.122547	1
t = 918.000000	N = 8
187965.357075	0.012441	187965.369516	0
78498.138876	0.014626	78498.153503	1
t = 919.000000	N = 8
85695.068820	0.011583	85695.080403	0
119546.061005	0.005173	119546.066178	1
t = 920.000000	N = 8
39757.179380	0.009829	39757.189209	0
91149.293127	0.013565	91149.306692	1
t = 921.000000	N = 8
91119.856801	0.010428	91119.867229	0
102284.233025	0.025731	102284.258756	1
t = 922.000000	N = 8
77805.163580	0.014562	77805.178142	0
36684.587861	0.020243	36684.608104	1
t = 923.000000	N = 8
141906.465957	0.010491	141906.476447	0
111142.026281	0.016064	111142.042346	1
t = 924.000000	N = 8
53407.462766	0.010672	53407.473438	0
75297.053474	0.010160	75297.063634	1
t = 925.000000	N = 8
49622.386564	0.002083	49622.388647	0
143568.936227	0.013655	143568.949882	1
t = 926.000000	N = 8
143294.267470	0.033768	143294.301238	0
13325.180819	0.005150	13325.185969	1
t = 927.000000	N = 8
45779.491234	0.023639	45779.514873	0
104436.215688	0.011127	104436.226815	1
t = 928.000000	N = 8
49415.335008	0.015020	49415.350027	0
30778.631145	0.008841	30778.639986	1
t = 929.000000	N = 8
115363.542664	0.017371	115363.560035	0
72688.687565	0.019731	72688.707297	1
t = 930.000000	N = 8
17324.942578	0.017445	17324.960023	0
124627.168419	0.017930	124627.186349	1
t = 931.000000	N = 8
61610.242345	0.004493	61610.246838	0
86847.424505	0.020907	86847.445412	1
t = 932.000000	N = 8
237392.815582	0.030532	237392.846113	0
39426.626398	0.016718	39426.643116	1
t = 933.000000	N = 8
110265.106861	0.008825	110265.115686	0
72125.652362	0.038918	72125.691280	1
t = 934.000000	N = 8
112294.172053	0.021397	112294.193450	0
65634.674614	0.008233	65634.682847	1
t = 935.000000	N = 8
123174.886813	0.018719	123174.905533	0
37351.226400	0.014584	37351.240985	1
t = 936.000000	N = 8
80606.023264	0.003535	80606.026799	0
78728.596119	0.018627	78728.614746	1
t = 937.000000	N = 8
44858.465586	0.021716	44858.487302	0
67199.303386	0.012005	67199.315391	1
t = 938.000000	N = 8
128502.105793	0.009628	128502.115421	0
53957.897455	0.012990	53957.910445	1
t = 939.000000	N = 8
69826.794211	0.009018	69826.803229	0
47776.344447	0.014160	47776.358608	1
t = 940.000000	N = 8
166300.876106	0.023216	166300.899323	0
62553.655951	0.014431	62553.670381	1
t = 941.000000	N = 8
74537.612136	0.021116	74537.633252	0
47921.255670	0.005339	47921.261009	1
t = 942.000000	N = 8
120664.840967	0.010318	120664.851285	0
48181.407223	0.026054	48181.433278	1
t = 943.000000	N = 8
97859.356442	0.021309	97859.377750	0
139621.357290	0.015393	139621.372683	1
t = 944.000000	N = 8
95737.261197	0.009345	95737.270543	0
119215.816465	0.026846	119215.843311	1
t = 945.000000	N = 8
141661.493355	0.028795	141661.522150	0
157692.446570	0.003917	157692.450487	1
t = 946.000000	N = 8
49885.565960	0.011337	49885.577297	0
82024.011456	0.004268	82024.015723	1
t = 947.000000	N = 8
92403.196907	0.019939	92403.216845	0
94886.877614	0.008363	94886.885977	1
t = 948.000000	N = 8
105366.775125	0.002606	105366.777731	0
77284.024821	0.003986	77284.028807	1
t = 949.000000	N = 8
128192.877293	0.018925	128192.896217	0
138165.952468	0.018834	138165.971302	1
t = 950.000000	N = 8
203974.175488	0.013551	203974.189038	0
77238.635844	0.015117	77238.650962	1
t = 951.000000	N = 8
127945.929973	0.039124	127945.969097	0
27478.046632	0.007059	27478.053691	1
t = 952.000000	N = 8
90975.408551	0.023505	90975.432056	0
82259.316456	0.018455	82259.334911	1
t = 953.000000	N = 8
85710.322983	0.019159	85710.342142	0
93050.991065	0.022166	93051.013231	1
t = 954.000000	N = 8
89219.023980	0.015534	89219.039514	0
67885.814344	0.014372	67885.828716	1
t = 955.000000	N = 8
147487.028940	0.008772	147487.037712	0
76227.199072	0.016629	76227.215701	1
t = 956.000000	N = 8
66461.015130	0.030743	66461.045873	0
22600.339618	0.014982	22600.354600	1
t = 957.000000	N = 8
65223.170684	0.017794	65223.188478	0
120652.854366	0.017796	120652.872162	1
t = 958.000000	N = 8
210290.110100	0.019685	210290.129786	0
66619.241476	0.019320	66619.260796	1
t = 959.000000	N = 8
156903.857964	0.030714	156903.888678	0
63363.757955	0.003590	63363.761545	1
t = 960.000000	N = 8
69757.864677	0.031258	69757.895935	0
90928.620207	0.014383	90928.634589	1
t = 961.000000	N = 8
77358.941705	0.020769	77358.962474	0
60275.875353	0.020335	60275.895688	1
t = 962.000000	N = 8
45872.544980	0.012317	45872.557297	0
79106.733846	0.006046	79106.739892	1
t = 963.000000	N = 8
68797.450222	0.006097	68797.456318	0
185406.738041	0.007784	185406.745826	1
t = 964.000000	N = 8
82909.001405	0.020854	82909.022259	0
68337.801127	0.010890	68337.812017	1
t = 965.000000	N = 8
72740.825318	0.021157	72740.846475	0
51640.691483	0.018790	51640.710274	1
t = 966.000000	N = 8
97562.424227	0.017608	97562.441836	0
46686.253135	0.014903	46686.268038	1
t = 967.000000	N = 8
83864.578921	0.026580	83864.605501	0
116739.442315	0.023778	116739.466093	1
t = 968.000000	N = 8
110143.940869	0.014433	110143.955301	0
32725.322280	0.006265	32725.328545	1
t = 969.000000	N = 8
72569.090968	0.008868	72569.099836	0
99519.974833	0.044066	99520.018899	1
t = 970.000000	N = 8
100928.206914	0.018441	100928.225355	0
53745.457243	0.031485	53745.488729	1
t = 971.000000	N = 8
92963.880294	0.004183	92963.884476	0
111637.028929	0.017975	111637.046904	1
t = 972.000000	N = 8
57762.184480	0.009175	57762.193655	0
110856.987151	0.015075	110857.002226	1
t = 973.000000	N = 8
44679.340979	0.014958	44679.355937	0
73375.855412	0.008197	73375.863609	1
t = 974.000000	N = 8
62700.758987	0.014605	62700.773591	0
114089.567855	0.024592	114089.592447	1
t = 975.000000	N = 8
62327.665028	0.011955	62327.676983	0
101430.889925	0.029567	101430.919492	1
t = 976.000000	N = 8
118480.676024	0.010327	118480.686351	0
28781.251208	0.012643	28781.263851	1
t = 977.000000	N = 8
43839.777445	0.017349	43839.794794	0
30470.067685	0.035325	30470.103010	1
t = 978.000000	N = 8
79673.030608	0.025450	79673.056058	0
202869.828621	0.009978	202869.838599	1
t = 979.000000	N = 8
144555.720677	0.025106	144555.745784	0
62918.310757	0.021421	62918.332178	1
t = 980.000000	N = 8
85869.069937	0.023921	85869.093858	0
115514.588929	0.010273	115514.599202	1
t = 981.000000	N = 8
58534.559689	0.006453	58534.566143	0
42969.614344	0.008909	42969.623253	1
t = 982.000000	N = 8
96258.192888	0.016471	96258.209359	0
79948.079922	0.007210	79948.087132	1
t = 983.000000	N = 8
60711.321610	0.023005	60711.344615	0
85925.041272	0.011469	85925.052741	1
t = 984.000000	N = 8
57896.543212	0.013247	57896.556459	0
78552.757584	0.019583	78552.777166	1
t = 985.000000	N = 8
128269.186403	0.015023	128269.201426	0
35460.282859	0.015659	35460.298518	1
t = 986.000000	N = 8
49710.727830	0.011884	49710.739714	0
32379.334124	0.013958	32379.348082	1
t = 987.000000	N = 8
28493.332814	0.007405	28493.340219	0
104493.263811	0.010914	104493.274725	1
t = 988.000000	N = 8
85653.550204	0.026138	85653.576342	0
31355.680554	0.010330	31355.690884	1
t = 989.000000	N = 8
88706.017382	0.016817	88706.034199	0
111671.312777	0.029396	111671.342174	1
t = 990.000000	N = 8
52418.516712	0.017250	52418.533962	0
63570.288985	0.027960	63570.316945	1
t = 991.000000	N = 8
57752.738084	0.017487	57752.755571	0
82786.891032	0.023096	82786.914128	1
t = 992.000000	N = 8
93436.970500	0.006881	93436.977381	0
52418.244515	0.007149	52418.251664	1
t = 993.000000	N = 8
29296.838574	0.015135	29296.853709	0
24444.758819	0.035997	24444.794816	1
t = 994.000000	N = 8
363578.255386	0.015386	363578.270772	0
179792.805219	0.035267	179792.840486	1
t = 995.000000	N = 8
131131.355802	0.008076	131131.363878	0
95667.167286	0.024006	95667.191291	1
t = 996.000000	N = 8
131962.668753	0.007666	131962.676419	0
44149.665214	0.014861	44149.680076	1
t = 997.000000	N = 8
80476.191648	0.012387	80476.204035	0
67933.959343	0.019060	67933.978402	1
t = 998.000000	N = 8
60738.855823	0.013076	60738.868899	0
84665.181660	0.004044	84665.185704	1
t = 999.000000	N = 8
139239.546380	0.020016	139239.566397	0
203113.602608	0.007778	203113.610386	1
t = 1000.000000	N = 8
118936.154853	0.015857	118936.170710	0
142958.456237	0.016483	142958.472721	1
