0.25	0	0	0
0.00953871	0.00199273	0.00368297	0.0619938
0.0176516	0.00941819	0.00644505	0.123614
0.0160085	0.0158213	0.00606952	0.127594
0.011693	0.0050233	0.0012487	0.101803
0.0141408	0.00571931	0.00156753	0.0984633
0.0115981	0.0106937	1.48745e-06	0.0669838
0.0301748	0.00207064	0.00372997	0.0581314
0.017152	0.0087532	0.00348978	0.0729078
0.0150978	0.00297397	0.00306883	0.112362
0.0354271	0.00983157	0.00443506	0.125646
0.0158378	0.0119673	0.00198485	0.0989036
0.017542	0.00996129	0.00833306	0.0737091
0.00811143	0.00502415	0.00434997	0.131922
0.00697168	0.0269153	1.18995e-05	0.117907
0.0295349	0.00707683	0.00442965	0.0943796
0.0218297	0.0112437	0.00411696	0.109601
0.0151501	0.00730779	0.000321602	0.124606
0.0405169	0.0141203	0.00440954	0.11283
0.0158956	0.00541876	0.000509084	0.0890463
0.0147887	0.00896235	0.000787373	0.127272
0.0196845	0.00684161	0.000489795	0.0721815
0.0117247	0.00639694	0.0041594	0.0786448
0.0221437	0.00931369	0.00690943	0.0633016
0.0205569	0.00411767	0.00959921	0.125404
0.00576477	0.0104779	0.0068796	0.0716751
0.0215336	0.0121987	0.0096856	0.0801955
0.0156411	0.019762	0.0040164	0.109928
0.0120341	0.0146872	0.0088102	0.0965012
0.0175041	0.0102784	0.000608388	0.100198
0.0162184	0.0192943	0.00133016	0.0630176
0.041766	0.0145089	0.00490197	0.0576264
0.00847089	0.0152658	0.00475843	0.0986012
0.0156318	0.00453816	0.00347651	0.10433
0.0109792	0.00196914	0.00148105	0.104633
0.00911797	0.0187458	0.00941304	0.0857946
0.0187184	0.010136	0.00745517	0.114561
0.00983529	0.00939317	0.000545434	0.0888986
0.0261566	0.0130282	0.00192023	0.0948401
0.0118823	0.0192065	0.000315498	0.0726091
0.00656438	0.0176959	0.000653823	0.084762
0.0102229	0.018281	0.0042302	0.129481
0.0184473	0.00931319	0.000185973	0.0821686
0.0100451	0.0119435	0.00947873	0.0944881
0.0098966	0.0268944	0.00124251	0.0847012
0.0330109	0.00378192	0.00179353	0.108843
0.0415978	0.00968695	0.00286061	0.109821
0.0143685	0.0113548	0.0013312	0.0913748
0.0160659	0.00492236	0.00107761	0.121147
0.0268385	0.00838552	0.000199181	0.0633469
0.00986833	0.0199979	0.0048686	0.088739
0.0435259	0.0182647	0.00361512	0.0986308
0.00943552	0.0047845	0.0101175	0.101806
0.00404071	0.00231562	0.00601726	0.0958287
0.0306058	0.000882901	0.0100494	0.116219
0.0120186	0.0118612	0.00228846	0.0962185
0.0161554	0.0179425	0.00296098	0.0929154
0.0136217	0.00824788	0.0125076	0.102208
0.0226124	0.00810729	0.00812048	0.0564337
0.00558423	0.00707787	0.006795	0.0696549
0.0213987	0.0191215	0.000709848	0.110131
0.0270802	0.0250218	0.0119465	0.0968656
0.0227518	0.0113795	0.000201683	0.0817004
0.00910399	0.022876	0.0069376	0.0943935
0.0129065	0.023204	4.4358e-05	0.119643
0.0167295	0.0164535	0.0111328	0.0785317
0.00449344	0.0137862	0.00122672	0.0765766
0.0195619	0.0220324	0.00844979	0.143287
0.00847355	0.0176235	0.00215166	0.167646
0.0178416	0.0212252	0.00278271	0.110578
0.0458415	0.00742729	0.00255353	0.116245
0.0229679	0.0249487	0.00268326	0.0707454
0.0203327	0.00443828	0.000573285	0.0761219
0.0163355	0.0270605	0.00169409	0.0711464
0.00640223	0.0174323	0.00250077	0.0831419
0.00796205	0.0140158	0.00328024	0.100249
0.0117461	0.0202821	0.000416302	0.0790139
0.0241987	0.00770149	0.0135394	0.118339
0.0186873	0.0115513	0.00135683	0.0809636
0.0368215	0.0101582	0.000311915	0.113514
0.0078374	0.00844717	9.99445e-05	0.0643362
0.0166047	0.00172532	0.0146087	0.0843775
0.0114661	0.0242422	0.00199568	0.0767062
0.00914655	0.0209362	0.00546914	0.0916145
0.0118684	0.0230925	0.002496	0.139052
0.0102111	0.0173737	0.00255968	0.0863908
0.0128032	0.033739	0.00486274	0.0702084
0.0200276	0.00757207	0.00129479	0.135987
0.00883151	0.032726	0.00226018	0.165829
0.0249556	0.00811802	0.000516243	0.104101
0.0190825	0.0100328	0.000153516	0.096851
0.0152689	0.00680951	0.0015232	0.0818414
0.0270036	0.0165432	0.00329377	0.0971433
0.0103062	0.00211327	0.000171	0.101114
0.0226429	0.013368	0.000205589	0.149323
0.0174959	0.026156	7.02202e-05	0.0904507
0.0189263	0.00983196	0.000905756	0.0862483
0.0111543	0.0182938	0.00222892	0.102394
0.0297254	0.0215461	0.00453536	0.119234
0.0170541	0.0145781	0.00943188	0.0720265
0.0338739	0.0240476	0.000473603	0.0830255
0.0423307	0.0278356	0.00896754	0.0858306
0.0204247	0.00352679	0.000140973	0.104318
0.0349501	0.0126728	0.00875926	0.0935864
0.0250257	0.022964	0.0124248	0.121622
0.0214695	0.01797	0.000357236	0.0698952
0.0195852	0.0223493	0.00010247	0.114647
0.0426981	0.0178576	0.00153272	0.10338
0.014265	0.0114968	0.00540402	0.145678
0.0202308	0.0198967	0.00065162	0.132949
0.0193269	0.014807	0.000397375	0.087425
0.0100554	0.00758487	3.56774e-05	0.100832
0.0219147	0.0210846	0.00392271	0.0727634
0.0107221	0.00336369	0.00843918	0.0684732
0.056859	0.0220093	0.0133965	0.0905099
0.0158136	0.00961861	0.00900652	0.0677633
0.0162462	0.00930894	0.00428738	0.113363
0.00691959	0.00984321	0.00430842	0.144599
0.0180487	0.0122384	0.00224699	0.105776
0.019445	0.00408424	0.0107169	0.0949859
0.0112406	0.0159766	0.00315572	0.0966681
0.00810756	0.00826898	0.0043114	0.0648747
0.0166532	0.00649204	0.000704933	0.0856485
0.0112211	0.00654959	0.0138721	0.0816936
0.0308954	0.0165987	0.00015774	0.133855
0.00575451	0.00279025	0.00168006	0.113037
0.0303925	0.00816691	0.00343694	0.0849304
0.0202859	0.00961116	0.0100043	0.0894581
0.0185459	0.0330842	0.00218871	0.102828
0.0202784	0.0116812	0.00722057	0.0986858
0.0144969	0.01723	0.00318155	0.0905158
0.0199643	0.00522358	0.00456981	0.0812385
0.0165056	0.00443616	0.000945216	0.0977812
0.0176197	0.00643487	0.00715569	0.10592
0.0136471	0.0152682	0.00210088	0.100935
0.0052382	0.0107618	0.00124149	0.0977253
0.00861655	0.0088044	0.00358856	0.122182
0.0102805	0.0275086	0.00030739	0.110246
0.0158267	0.026499	0.019558	0.108029
0.0193099	0.0023171	0.00880109	0.0814768
0.0154103	0.007495	0.00307381	0.122172
0.0208854	0.0316111	0.000956231	0.11165
0.0140251	0.0090913	0.00106058	0.0831116
0.0100735	0.00596156	0.00153089	0.0850388
0.01361	0.00849797	0.000537056	0.1377
0.0217484	0.0182904	0.00216904	0.117515
0.0116318	0.0167373	0.00015643	0.0814475
0.0220963	0.00642418	0.00675865	0.117686
0.0150703	0.0160541	0.00428798	0.0945189
0.046827	0.010496	0.00371734	0.106484
0.0245407	0.0233874	0.00145579	0.108869
0.0146525	0.00285347	0.000404378	0.0826173
0.0279858	0.0107645	0.00215266	0.100003
0.00575402	0.00968196	0.00110223	0.107472
0.0239414	0.0111248	0.0066326	0.0693924
0.0271144	0.0104087	0.00452073	0.109816
0.0212846	0.00616361	0.00471043	0.0838956
0.0227741	0.0123514	0.0082732	0.0814924
0.0122371	0.00946906	0.00457525	0.0901579
0.0162311	0.0128654	0.0031418	0.086053
0.0176037	0.0138805	0.0094939	0.137291
0.0138399	0.0147635	0.000616556	0.111425
0.0140389	0.0157002	0.000439573	0.0975905
0.0123911	0.0269123	0.00286977	0.112227
0.0251996	0.0109341	0.00240573	0.0890209
0.00899049	0.0159363	0.000370882	0.0828971
0.0157019	0.00231984	0.00600115	0.109166
0.0266262	0.0124237	0.000607407	0.0950729
0.0193837	0.00820995	0.00480131	0.0949121
0.0278777	0.0122746	0.00223498	0.0636929
0.0187588	0.00424238	0.0049643	0.0533333
0.01712	0.00508825	0.0138448	0.0823046
0.00785475	0.00873672	0.000788034	0.083165
0.00531404	0.0155788	0.00126071	0.0827487
0.0186411	0.0177801	0.000754753	0.128927
0.0109606	0.00403067	0.00665145	0.0852954
0.0158822	0.00384508	0.00479134	0.0559365
0.00815818	0.0203149	0.00113305	0.0673998
0.0150348	0.0146854	0.0020777	0.0836516
0.0149741	0.0156103	0.00227959	0.0581295
0.0160574	0.0129149	0.000161326	0.0809307
0.0129771	0.00661503	0.0035013	0.119617
0.0154124	0.00754034	0.00386776	0.101381
0.0230497	0.0122153	0.00364845	0.109718
0.0126357	0.00766589	0.00329367	0.139202
0.0125461	0.019715	0.00278539	0.0795289
0.0160409	0.0231106	0.00587511	0.107515
0.0101007	0.0114617	0.00135475	0.130472
0.0166216	0.0102954	0.0109166	0.0730893
0.0320474	0.00496942	0.00076061	0.116436
0.0277318	0.0204409	0.00274591	0.0851112
0.0142413	0.016698	0.00119719	0.0986996
0.0357634	0.00753677	0.000319611	0.163961
0.0201742	0.00622131	0.00393243	0.12574
0.0124961	0.0290735	0.00144297	0.103385
0.0125725	0.00806315	0.000178213	0.0947825
0.0193061	0.0186008	0.00230425	0.123703
0.0153904	0.0215163	0.0113611	0.0714681
0.0130928	0.0193114	0.00234081	0.104286
0.028513	0.0107918	3.76198e-05	0.0653186
0.00728127	0.00868348	0.000858481	0.104693
0.0243955	0.0119439	0.0136179	0.135147
0.0178646	0.00411061	0.000536915	0.0775976
0.0216553	0.0225068	0.00831677	0.0904531
0.0306651	0.00953844	0.00642403	0.08844
0.0153356	0.00247307	0.000281842	0.0779755
0.0287862	0.016798	0.0199459	0.07896
0.00245313	0.0099233	0.00118543	0.091701
0.0104587	0.00359168	8.29488e-05	0.0637312
0.0129549	0.013593	9.639e-05	0.108635
0.00891575	0.0355502	0.00757432	0.0805258
0.0157463	0.0121728	0.000126537	0.0802348
0.0107495	0.0257122	0.00101628	0.0579921
0.0303586	0.0122195	0.00578226	0.0775969
0.0115392	0.0101075	0.00577259	0.0803831
0.044052	0.00670098	0.000429392	0.12293
0.0181913	0.0162869	0.000690781	0.0869
0.00793242	0.00717765	0.00724063	0.11278
0.0136974	0.0105061	0.00510557	0.12787
0.0142136	0.0169142	0.00607446	0.100964
0.0343452	0.00809126	0.000417333	0.102048
0.0157843	0.0238515	0.00420815	0.120063
0.013133	0.00132517	0.00485342	0.115603
0.0108908	0.0160117	0.000801841	0.128024
0.0159141	0.010002	0.000427555	0.0817952
0.0201965	0.00384014	0.00908681	0.0682127
0.0196781	0.00769289	0.0160653	0.0900869
0.0104116	0.00554633	0.0079397	0.0996507
0.0260469	0.0056182	0.00569651	0.0805303
0.023263	0.00433766	0.000180841	0.0925738
0.021891	0.0153353	0.00098504	0.0992622
0.0132191	0.0209944	0.0194732	0.122528
0.01262	0.00421548	0.00331426	0.100118
0.0130292	0.0110887	0.00105809	0.121357
0.0114558	0.00956263	0.000169882	0.0920339
0.026841	0.00900545	0.0140166	0.120627
0.00714177	0.010296	0.000490142	0.0700902
0.023106	0.0275538	0.000989773	0.119893
0.0280541	0.0109378	0.000126746	0.127628
0.00886099	0.019546	0.000334815	0.106383
0.026298	0.0192526	0.00149628	0.113568
0.0106146	0.00692527	0.00543469	0.0793125
0.0262178	0.00805685	0.00300778	0.117675
0.0162008	0.0222171	0.00509634	0.0828661
0.0110486	0.00353691	0.00138776	0.12774
0.0136961	0.0210392	0.00777475	0.0707364
0.0033659	0.00458039	0.00191121	0.101698
0.0291544	0.0174042	0.000370886	0.102066
0.0272722	0.0228116	3.45417e-05	0.0993954
0.0230197	0.0205606	0.000472547	0.119245
0.00867085	0.00886385	0.0117618	0.0780458
0.0181515	0.0153715	0.000313175	0.0679568
0.0124487	0.00632661	0.00538794	0.11928
0.0631339	0.00661294	0.00635126	0.0898008
0.0164007	0.0144272	0.00199861	0.108603
0.0236562	0.0220743	0.00433438	0.104426
0.0226326	0.0154509	0.00118893	0.0707866
0.0221943	0.0242717	0.000500912	0.0744942
0.0163853	0.00733137	0.00204093	0.149604
0.00734609	0.0116986	3.18578e-05	0.0880513
0.0598759	0.0292963	0.00353252	0.117244
0.0141812	0.0205426	0.00107668	0.120005
0.0203288	0.0134193	0.0254377	0.0883616
0.0261954	0.00911684	0.00175993	0.119065
0.0144784	0.000850886	0.00324294	0.116049
0.0183551	0.010546	0.0088326	0.0795832
0.0371446	0.0104537	0.000308415	0.129101
0.0143423	0.0139099	0.00712032	0.0923891
0.0155564	0.0111327	0.0018817	0.11664
0.0330319	0.00745691	0.00596149	0.148688
0.0363777	0.0203282	0.00522537	0.0894491
0.0060905	0.0125516	0.00132826	0.102912
0.0190783	0.0147369	0.000746568	0.10835
0.0285263	0.0154612	0.000860077	0.0927085
0.0212403	0.0102345	0.00942889	0.0748018
0.0266286	0.00340881	0.00365601	0.0928641
0.0299952	0.0225867	0.000452829	0.0951334
0.024605	0.00394458	0.00231572	0.134667
0.0338833	0.011052	0.00156863	0.106014
0.0246343	0.0199459	0.00756479	0.114961
0.0306443	0.0140176	0.00070766	0.109565
0.0222519	0.00887094	0.00537965	0.0693814
0.00762665	0.00747828	0.000650547	0.119006
0.0144868	0.00966111	0.00225554	0.134278
0.0139638	0.0147705	0.000460164	0.0818832
0.0110358	0.010192	0.000223502	0.13802
0.0131347	0.010667	0.00222237	0.128934
0.00847843	0.00910745	0.000607944	0.102861
0.017507	0.00406419	0.00382057	0.135413
0.0241027	0.00536342	0.00317038	0.113424
0.0123282	0.0163405	0.00090207	0.122114
0.0148044	0.00323078	0.000671538	0.0824967
0.0156965	0.0104031	0.00360775	0.0974764
0.00812701	0.0188218	0.00196009	0.111578
0.0224967	0.0106966	0.00477325	0.0685621
0.0094777	0.0156032	0.000724469	0.0756277
0.0148708	0.0189351	0.00047827	0.115909
0.00458317	0.0218528	0.010283	0.102681
0.00671601	0.0091871	0.00437096	0.0963882
0.0258505	0.0218988	0.00120275	0.104067
0.00496915	0.0200357	0.0111447	0.0924407
0.0144178	0.0159697	0.000820086	0.0701919
0.0404492	0.00436652	0.00187633	0.114201
0.0322273	0.0130337	0.00239045	0.0808132
0.0367578	0.00754624	0.000762859	0.0811726
0.012905	0.00275695	8.52338e-05	0.0964908
0.0252416	0.0185185	0.000599869	0.0694651
0.0136045	0.015238	0.00260955	0.0975296
0.034671	0.0373004	0.00310576	0.116654
0.00666376	0.0102577	0.0135001	0.12364
0.0166816	0.00318293	0.00512627	0.0797506
0.0167238	0.0140231	0.00568996	0.0635089
0.0338919	0.0168853	0.00922199	0.114823
0.0105017	0.0234017	0.000173853	0.100711
0.0321375	0.00842387	0.00109463	0.100005
0.0153682	0.00993398	0.00194385	0.121032
0.02121	0.0102362	0.00369505	0.12901
0.0420425	0.00954087	0.000796703	0.123784
0.0137669	0.00828004	0.0104983	0.110469
0.0194781	0.00797094	0.0134171	0.0845893
0.0240261	0.011171	0.00052307	0.109784
0.0185026	0.00376946	0.000359273	0.118724
0.0119341	0.0178502	0.000250465	0.078428
0.0126747	0.00556766	0.00605633	0.156411
0.0149493	0.00360357	0.000115958	0.105304
0.00698236	0.0260311	0.00159795	0.126327
0.0229055	0.00487704	0.000861024	0.0956538
0.012803	0.0159288	0.000221263	0.0808043
0.00638083	0.0135122	0.00477851	0.0782008
0.0122445	0.0172597	0.0046777	0.0818386
0.00974177	0.0268113	0.00357776	0.0802136
0.00691762	0.0181042	0.0037027	0.0826852
0.0131061	0.0144582	0.00103908	0.0866373
0.0234279	0.0106302	0.000683434	0.0956062
0.0332427	0.0140705	0.00338471	0.0836572
0.0165278	0.0477159	0.000596436	0.112501
0.0123906	0.0144597	0.0016404	0.113193
0.0180631	0.0149833	0.000112752	0.0962445
0.00713203	0.00899861	0.000409986	0.10956
0.0157456	0.00820039	0.00565286	0.127862
0.0153564	0.00282395	0.000164445	0.0864646
0.0154829	0.0109721	9.38913e-05	0.110496
0.0247692	0.0148362	0.00678761	0.109078
0.0118268	0.0261822	2.38729e-05	0.107586
0.0244585	0.0130465	0.000813808	0.121302
0.0330677	0.00748992	0.000140544	0.0808756
0.0172631	0.00792612	0.00378021	0.0913757
0.0252491	0.00409222	0.0108657	0.078525
0.0455104	0.0063533	4.51906e-06	0.074055
0.03242	0.0073753	0.00124227	0.123167
0.0180886	0.0150461	0.0017492	0.0788761
0.0293302	0.00391279	0.000539453	0.10494
0.0134097	0.0104368	0.000937673	0.0920077
0.00982814	0.0108377	0.00106192	0.0882436
0.00936146	0.0152478	0.00347917	0.114421
0.0271681	0.0125874	0.000571808	0.0794872
0.0296493	0.00734399	0.000226184	0.115877
0.0489329	0.0133646	0.000677386	0.084475
0.0138593	0.00422504	0.00090615	0.0690306
0.00997618	0.0064992	0.0025433	0.0829996
0.0244335	0.00985364	0.0123172	0.100205
0.0198166	0.0109928	0.00137581	0.124377
0.0196927	0.00394825	0.0038375	0.109366
0.0107572	0.00827935	0.000723964	0.0962945
0.0505515	0.00563444	0.000238129	0.0931781
0.0365399	0.00665478	0.00237216	0.118902
0.0299474	0.010651	0.000703688	0.0731531
0.0139627	0.00838739	0.0040044	0.0765411
0.0311354	0.0201228	1.39611e-05	0.121858
0.0253602	0.00596376	0.00381023	0.114876
0.0116873	0.011846	0.00158993	0.0912355
0.0149879	0.00225966	0.0021492	0.115715
0.0117655	0.00836589	0.00534467	0.0885832
0.0148662	0.00505905	0.0191988	0.105908
0.0125169	0.0177258	0.000256327	0.0949453
0.0316463	0.0143939	0.000396958	0.0557642
0.02882	0.0065505	9.37818e-05	0.0856692
0.0238254	0.00976221	0.011593	0.0690343
0.0166215	0.00750582	0.000946096	0.113994
0.0262741	0.0155628	0.00235261	0.104252
0.0204299	0.0181808	0.00377407	0.0872261
0.00991589	0.0110562	3.51103e-05	0.106935
0.00727189	0.00445217	1.1278e-06	0.0787748
0.0119882	0.00623505	9.78865e-05	0.0595244
0.00888095	0.0122322	0.00125657	0.0903463
0.0215797	0.00826672	0.000772553	0.0666489
0.0329502	0.00819388	0.00377458	0.122845
0.0211058	0.006553	0.00218336	0.0930179
0.0128496	0.0081298	0.00062567	0.0861533
0.0118175	0.009821	0.00106582	0.112562
0.0180522	0.0231177	0.00133155	0.123702
0.0423251	0.0207879	0.00522832	0.077311
0.0384563	0.00726752	0.00568403	0.0474267
0.0253613	0.00287894	0.000292109	0.123237
0.0227139	0.00869455	0.000545652	0.122485
0.0112554	0.0181477	4.5447e-05	0.127156
0.0365505	0.00618396	0.000664797	0.0766146
0.0132338	0.0116696	0.00280438	0.0956782
0.00683698	0.0272302	0.00703855	0.0917946
0.0263988	0.0122881	0.00705238	0.0961286
0.0300663	0.0106681	0.00281504	0.108599
0.0194628	0.0152545	0.000306766	0.0946341
0.0207808	0.0254521	0.000938973	0.0958015
0.0139294	0.0250618	0.00230791	0.070667
0.0060791	0.0118689	0.00162938	0.081254
0.00832423	0.0156457	0.00944122	0.103233
0.0161744	0.0111233	0.000119421	0.0700528
0.0189605	0.00965366	0.00346245	0.0754605
0.016152	0.00270525	0.00240774	0.130899
0.0159059	0.00720474	0.00107341	0.105416
0.034896	0.00595825	0.000227457	0.118245
0.0110134	0.0174911	0.000133249	0.120002
0.0372052	0.0256932	0.000857923	0.103348
0.0193046	0.00579815	0.0128736	0.0693201
0.0331173	0.0163444	0.00156768	0.0927504
0.0198094	0.0102635	0.000415497	0.0984178
0.023867	0.00913882	0.00660749	0.0692125
0.0243439	0.0151579	0.00105097	0.128355
0.0147861	0.00649522	0.00134111	0.099209
0.0202629	0.00634912	0.000325189	0.0871053
0.00959632	0.00634552	0.000207757	0.118348
0.0156419	0.00843382	0.000718046	0.150247
0.00633559	0.0128766	0.00406015	0.130144
0.00992716	0.0100722	0.000853323	0.100776
0.0305894	0.0150357	0.000167711	0.085155
0.032595	0.0179304	0.000363997	0.106952
0.0123764	0.00993142	0.00419571	0.101617
0.00650585	0.0156679	0.00018987	0.119781
0.0298003	0.0161948	0.00024585	0.102942
0.00915676	0.00986468	0.00283813	0.105208
0.00735097	0.0176188	0.00409034	0.0979896
0.0181858	0.0182086	0.000952063	0.0740333
0.0100695	0.0173952	0.00427129	0.09279
0.0114147	0.0193478	0.00249892	0.0811251
0.00533711	0.00847032	0.0159266	0.0942103
0.0199782	0.0129328	0.000284019	0.100044
0.0167483	0.0164091	0.0131445	0.112006
0.0221171	0.0122874	0.00228489	0.0845297
0.0434775	0.00902805	0.00286045	0.123257
0.0130579	0.0151814	0.00129499	0.0695351
0.0156443	0.0154193	0.00995542	0.0817296
0.0199607	0.0124291	0.000388954	0.0999521
0.0153138	0.0108	0.00139044	0.0958662
0.0118088	0.0156158	0.00184189	0.104502
0.0347587	0.020117	0.00200515	0.0811733
0.020285	0.00828857	0.00116955	0.0854689
0.0102801	0.00650932	0.000458666	0.107815
0.0158231	0.00515784	0.00232939	0.101252
0.0119204	0.00479019	0.00406679	0.10335
0.0221612	0.0113997	0.0132465	0.128606
0.014457	0.013775	5.05432e-05	0.127725
0.0150701	0.00305708	0.00101236	0.103338
0.0260851	0.0283707	0.00363397	0.111873
0.0261803	0.0278142	0.00549151	0.114165
0.0260699	0.0155097	0.00264398	0.108362
0.00762921	0.00967937	0.00157294	0.0939901
0.00995285	0.0153135	6.82923e-05	0.0798945
0.0124629	0.0223156	0.000338064	0.0841829
0.0325417	0.0123965	7.66587e-05	0.0879873
0.0257742	0.0162936	0.0042626	0.0720565
0.00726711	0.0201529	0.00327665	0.0860099
0.0134917	0.0202589	0.000116525	0.115422
0.023836	0.0114535	0.00146262	0.120785
0.0133549	0.0133701	0.000532659	0.0851734
0.0226828	0.0106405	0.00728073	0.0728323
0.0149419	0.0165137	0.000566092	0.139852
0.0275221	0.017214	0.00360997	0.1006
0.0175547	0.00571093	0.00155371	0.0816431
0.0144197	0.00694887	0.0013562	0.100159
0.021524	0.0145714	0.00356403	0.081265
0.0205478	0.0138459	0.00159268	0.0753466
0.020631	0.0246431	0.00282878	0.111905
0.0130925	0.0227298	0.00090008	0.0922746
0.00862888	0.0186413	0.00566439	0.0739526
0.00881461	0.00760756	0.00815734	0.121603
0.0287927	0.0125643	0.000571906	0.0759904
0.012593	0.0215343	0.000489355	0.106717
0.0122151	0.0072055	0.000272033	0.0944648
0.0410034	0.00703649	0.0108944	0.114991
0.0225378	0.00991404	0.00213963	0.155636
0.0151771	0.0169875	0.01464	0.0516254
0.0140964	0.0147477	0.00780307	0.0837743
0.00415463	0.00110004	0.00311964	0.123536
0.0181767	0.00893187	0.00141557	0.1283
0.025487	0.00959914	0.00109359	0.0840734
0.0146852	0.00993283	0.00103626	0.0954724
0.00716894	0.0106736	0.00795952	0.0706491
0.00885311	0.0120992	0.000100426	0.1387
0.0165495	0.00587446	0.0026692	0.121352
0.0211373	0.0139404	0.00136364	0.107862
0.0139997	0.0174964	0.000699086	0.110731
0.0224293	0.0152564	4.53292e-05	0.0736947
0.0208534	0.0200128	0.00131154	0.104079
0.013982	0.00427571	0.00448916	0.0754115
0.00565691	0.0265565	0.00423766	0.110193
0.0154232	0.012515	0.0116702	0.0760908
0.0154777	0.0115881	0.00111451	0.0918671
0.0355153	0.0138906	0.00358279	0.0969604
0.0271668	0.00476834	0.0017324	0.0935142
0.00472933	0.0135571	0.00960079	0.0847416
0.0156473	0.0124157	0.000978357	0.0918212
0.0111355	0.00568429	0.000615246	0.164814
0.0152348	0.00331774	0.00345644	0.0612359
0.0200645	0.0194001	0.00655207	0.104777
0.0125117	0.0116875	0.000325902	0.0865781
0.00488047	0.00284684	0.000300853	0.0857797
0.0187399	0.00499295	0.00126036	0.0967687
0.0301405	0.0224704	0.00259142	0.0821214
0.020887	0.0172607	0.00122253	0.0965679
0.00723176	0.00806638	0.00177356	0.102466
0.00831444	0.00129982	0.000877702	0.0745013
0.0160386	0.00501603	0.000228324	0.061318
0.007085	0.00988845	0.00314542	0.0933949
0.00844819	0.00268122	0.00807523	0.106725
0.0230437	0.0246062	0.000360398	0.0976501
0.00723414	0.0198748	0.00698274	0.108674
0.0069969	0.00472244	0.000564203	0.130694
0.0169507	0.0141265	0.00357335	0.0780707
0.00677597	0.00824391	0.000257804	0.0932477
0.0251536	0.0066237	0.00427247	0.0911041
0.00928329	0.0150805	2.36043e-05	0.104411
0.0147661	0.00537823	0.000127705	0.10758
0.0109394	0.0125876	0.00748777	0.0924554
0.0170877	0.0189269	0.000130351	0.0848452
0.0118639	0.00590303	0.000653629	0.0834662
0.0107661	0.00642251	0.00345341	0.139897
0.0195523	0.0329308	0.00302266	0.0743901
0.0253806	0.00958455	8.89991e-05	0.120698
0.0174411	0.0187309	0.010911	0.111401
0.016117	0.0188662	8.56317e-05	0.116182
0.0303932	0.0124525	0.00635454	0.118049
0.0131663	0.0140893	0.000101304	0.102805
0.0156129	0.00213848	0.00456417	0.126372
0.0108409	0.00403968	0.000696887	0.125268
0.0206747	0.00987448	0.0068826	0.104364
0.00930555	0.0142112	0.0110043	0.0750121
0.0267265	0.00684814	0.00546191	0.102495
0.0256424	0.0155072	0.00653482	0.0998388
0.0033441	0.00227619	0.00436295	0.0725121
0.00389565	0.00753494	0.00188381	0.0730582
0.0318763	0.0145075	1.79703e-05	0.108231
0.023908	0.008345	0.00367619	0.106677
0.0108999	0.0108284	0.00325369	0.0761728
0.0289598	0.00763569	0.00134268	0.108587
0.0106309	0.0113955	0.00643588	0.129004
0.0141414	0.0184404	0.0050148	0.125185
0.0382114	0.0197063	0.0156191	0.11226
0.0170608	0.023359	0.0185617	0.100059
0.034134	0.0153668	0.0357017	0.1062
0.0312434	0.0119446	0.00570662	0.093192
0.0436114	0.0108942	0.0349047	0.102884
0.0200308	0.0140823	0.0312188	0.105682
0.0367451	0.015448	0.00916446	0.162663
0.0304494	0.0266982	0.00677306	0.11266
0.0501186	0.00887738	0.0205862	0.101833
0.0532353	0.0161049	0.0365062	0.0656502
0.0448663	0.0201346	0.0176203	0.0779978
0.0264372	0.0273728	0.0151078	0.0878197
0.0299177	0.0111639	0.0495947	0.0919115
0.0573955	0.0165521	0.0426807	0.11946
0.0396428	0.0244296	0.00435763	0.13276
0.0175129	0.0300639	0.0230648	0.0999884
0.0176524	0.0229684	0.014632	0.11729
0.0259093	0.0251907	0.0348658	0.0635435
0.0380984	0.0196376	0.0227148	0.0803177
0.0272024	0.0152198	0.015101	0.113651
0.0356822	0.0165822	0.000680156	0.0963598
0.0308172	0.0217534	0.00496568	0.0986905
0.0227211	0.0495045	0.0213086	0.130714
0.0383171	0.0111317	0.0378308	0.078333
0.0152996	0.00859066	0.0113282	0.0873475
0.0456101	0.0309693	0.0281239	0.139698
0.0453149	0.0161129	0.0302984	0.147541
0.0206509	0.0159938	0.0247665	0.0646203
0.0421019	0.00291886	0.0163668	0.130307
0.0267615	0.0429978	0.011916	0.0847301
0.0239862	0.00679223	0.013299	0.0703013
0.0192579	0.0233194	0.0202718	0.111522
0.0204619	0.00593383	0.00288983	0.097106
0.0434018	0.0115271	0.00280195	0.119699
0.0264375	0.0236387	0.0106121	0.12884
0.0403636	0.0180692	0.0275462	0.143028
0.0361643	0.0122177	0.0217472	0.125194
0.0346775	0.0107547	0.032956	0.0874441
0.0189256	0.011314	0.011269	0.0710113
0.0112857	0.00749633	0.0064981	0.0846672
0.0308616	0.00998307	0.0132171	0.117696
0.0353065	0.0160328	0.0327934	0.108603
0.0479029	0.00695576	0.0278735	0.0720266
0.0329401	0.0112267	0.00567729	0.136497
0.0332282	0.0131563	0.021329	0.107674
0.0375413	0.0147486	0.0140178	0.0720454
0.015433	0.00480979	0.00366513	0.0871012
0.0169587	0.0198041	0.00186712	0.0761798
0.0312739	0.00804798	0.0131125	0.143812
0.0255114	0.0195117	0.0102537	0.0948641
0.0228789	0.0209148	0.0164596	0.0798011
0.0168582	0.010796	0.00119426	0.102007
0.0109315	0.0143264	0.0169191	0.128626
0.0137518	0.00669048	0.0252501	0.0645099
0.0148149	0.00977381	0.00289462	0.102717
0.0226732	0.0214878	0.0096966	0.100291
0.00731626	0.00994666	0.00100645	0.116113
0.0429579	0.0186035	9.04574e-05	0.110904
0.0197933	0.0197615	0.0024657	0.11679
0.0124663	0.0135133	0.00361725	0.0719028
0.0232849	0.00544673	0.0112701	0.10461
0.032136	0.0173514	0.00328837	0.153846
0.0250203	0.0291293	0.0252383	0.0942211
0.0226379	0.0102245	0.00632507	0.109413
0.00688743	0.00430864	0.00680668	0.074053
0.0341151	0.0227749	0.00533576	0.116028
0.0309644	0.00649948	0.0023497	0.104981
0.057293	0.0108579	0.00947632	0.114137
0.0291919	0.0172195	0.00171036	0.115882
0.0323478	0.022337	0.00323982	0.103568
0.0328214	0.0232482	0.0175249	0.105026
0.0391628	0.00635825	0.0143126	0.117817
0.0151142	0.0067407	0.00853278	0.10381
0.0263581	0.000875327	0.00559113	0.0730018
0.0193253	0.0126468	0.00388234	0.0952581
0.0154476	0.00444827	0.00283666	0.0837844
0.0326759	0.0249373	0.00759793	0.0846442
0.0171583	0.00580705	0.00389808	0.105554
0.0155198	0.0138674	0.00823326	0.0924908
0.0235421	0.0102525	0.00653726	0.115152
0.0156717	0.0345564	0.0124048	0.103783
0.03015	0.00820991	0.00955788	0.058827
0.0298773	0.0150593	0.0159491	0.098318
0.0151078	0.00957734	0.00142867	0.143709
0.0160582	0.0109696	0.0043182	0.0865304
0.0231069	0.0085719	0.00679192	0.12421
0.017959	0.00615827	0.000839718	0.0824419
0.0324663	0.00912246	0.00138212	0.106913
0.00543464	0.000620126	0.000228682	0.0915109
0.0195371	0.0126956	0.000556979	0.0910394
0.0154075	0.0161531	0.00723742	0.0951866
0.0282235	0.00440908	0.00220222	0.142985
0.0419422	0.0145473	0.0184046	0.0821253
0.0265739	0.0188098	0.00304823	0.0649648
0.0416039	0.00916664	0.000617308	0.141784
0.0321694	0.0171345	0.000514169	0.11192
0.00989293	0.00682705	1.47717e-05	0.092043
0.0213245	0.0202492	0.00075182	0.0774748
0.00908543	0.00529883	0.00123114	0.0974181
0.0097338	0.00933742	0.009231	0.11028
0.0162428	0.0107673	0.00699361	0.078837
0.0283206	0.00377343	0.00828158	0.134156
0.0147659	0.00844665	0.00115171	0.0945333
0.0296246	0.00878366	0.0049367	0.0718558
0.0189859	0.0108803	0.0054	0.0628132
0.0137927	0.00519482	2.55596e-06	0.116347
0.0343554	0.0054058	0.00544991	0.0820182
0.00516391	0.011347	0.00394693	0.127726
0.0268573	0.0147978	0.00312484	0.134191
0.0108259	0.0114053	0.00534928	0.0659734
0.0262695	0.0205423	0.000380707	0.101211
0.0351615	0.0055489	0.000425818	0.0999797
0.0335109	0.00428977	0.00197957	0.0707616
0.0379739	0.0229227	0.000208724	0.127716
0.0200371	0.00498987	0.00134686	0.117452
0.0203002	0.00225047	0.00376232	0.103572
0.00607087	0.010639	0.000762466	0.0737186
0.0115169	0.00521101	9.30744e-05	0.0662933
0.0246521	0.00936115	0.000514081	0.090875
0.0138569	0.0103794	0.00777854	0.0744738
0.0120532	0.00652876	0.00101748	0.0696608
0.0118533	0.0229996	0.00175729	0.0717907
0.00761162	0.0180815	0.00504379	0.0895712
0.0106795	0.0191708	0.0137878	0.134018
0.0435784	0.0110574	0.00778743	0.0791493
0.0286233	0.0148466	0.00424176	0.119505
0.0397234	0.0219605	0.00212403	0.115671
0.0319438	0.00869065	0.00242191	0.153633
0.0332773	0.0133641	0.000251966	0.0905856
0.0231926	0.0259757	0.00257653	0.0993095
0.0294627	0.00339882	0.000568881	0.108837
0.00843296	0.0206785	0.000645328	0.107703
0.0145913	0.0200281	0.00143429	0.0917444
0.0124547	0.00368874	0.00960694	0.0585935
0.0264409	0.0105256	0.000185083	0.0779651
0.00465542	0.00210107	0.000933564	0.144288
0.0157249	0.0200483	0.00343543	0.0938664
0.0190095	0.0123669	9.55033e-05	0.0994183
0.0169975	0.0106335	0.00720576	0.0803625
0.0139009	0.0291707	0.000416491	0.10361
0.0226348	0.0249724	0.00213785	0.0679613
0.00914619	0.0240614	0.00100217	0.119485
0.0164681	0.0200487	0.000445476	0.0735524
0.0228946	0.0138715	0.000190567	0.125309
0.00992696	0.0105777	0.00441487	0.0861017
0.0251717	0.0112401	0.00320362	0.0883865
0.0193409	0.0115842	0.00200974	0.0934728
0.00758268	0.012555	0.00883089	0.0928359
0.0086427	0.0157517	0.00376208	0.100373
0.019285	0.0106962	0.000163088	0.117911
0.0187583	0.0102171	0.000841249	0.070139
0.0136043	0.00497301	0.0044986	0.131312
0.0112462	0.0171688	0.00257053	0.0946562
0.0262201	0.0201394	0.000540771	0.0987258
0.0223737	0.0124197	0.00383835	0.0770739
0.0275823	0.0144978	0.000419591	0.0998033
0.0114703	0.0140341	0.00161349	0.0763431
0.0161318	0.00784227	0.000944883	0.096987
0.0201188	0.0123133	0.00247828	0.0782657
0.00712557	0.0374602	0.00447607	0.132529
0.00977497	0.0234847	0.000119651	0.114231
0.00743862	0.00558362	0.00133414	0.0803935
0.0389039	0.0103671	0.0018966	0.118446
0.0377544	0.00687018	0.000670383	0.100055
0.030882	0.00845775	0.00146596	0.117833
0.0121913	0.0302653	0.00155195	0.0964192
0.025592	0.0157174	0.00196137	0.140802
0.0195283	0.0249788	0.00773838	0.127791
0.00902372	0.00303185	0.000612015	0.0735243
0.00695056	0.0168775	0.000365155	0.116627
0.0221303	0.0192589	0.00548452	0.119942
0.027028	0.0122759	0.0054741	0.0735851
0.0178781	0.0194238	0.00105728	0.0940393
0.0123883	0.00658175	0.00281238	0.0701194
0.019817	0.00483691	0.000326005	0.0870724
0.0104863	0.00781888	8.10467e-05	0.0985509
0.0114648	0.00382568	0.00136915	0.0774073
0.0257775	0.00844982	0.0005014	0.110323
0.0196612	0.00694277	0.000646837	0.13057
0.027514	0.013476	0.00148492	0.0978219
0.0254986	0.00552962	0.00035832	0.116773
0.0108128	0.00758516	0.00149712	0.0720167
0.0293127	0.0126051	0.00620913	0.0659178
0.0129052	0.00597668	0.000592129	0.0696795
0.00981124	0.0193674	0.00153797	0.075787
0.0236959	0.0323037	0.00137751	0.108454
0.0336643	0.00569632	0.000378501	0.0957469
0.0163821	0.016598	0.0110581	0.112995
0.0267392	0.00344149	0.00578435	0.115927
0.0260383	0.00772666	0.00161171	0.106199
0.0180334	0.00785164	0.00495906	0.10072
0.0129178	0.00436936	0.00214459	0.0911508
0.0166876	0.0139412	0.000511246	0.111286
0.0119413	0.0171377	0.00141026	0.0976772
0.0201944	0.00604262	0.000170831	0.112352
0.0117489	0.00722223	0.00010775	0.0850344
0.02537	0.00370759	0.0115407	0.123822
0.00733081	0.0380868	2.07207e-05	0.100284
0.0135638	0.00514545	1.96439e-05	0.119826
0.0112351	0.012385	0.00431348	0.133912
0.0454131	0.0223691	0.00437176	0.102348
0.0117706	0.00819287	0.000374903	0.0688793
0.00983158	0.0119005	0.00327189	0.0894227
0.0250458	0.0276862	0.00117375	0.0739325
0.00317513	0.0168729	0.00118332	0.0928479
0.0227208	0.0260786	0.000437217	0.0972812
0.0192015	0.0222951	0.0334745	0.124083
0.0333622	0.0199115	0.00362813	0.0830127
0.0350771	0.00961089	0.000178298	0.112348
0.0278799	0.00845783	0.0129573	0.117921
0.0352122	0.00960908	0.0038285	0.112925
0.00972974	0.0028376	0.00206808	0.0992601
0.0333054	0.00535196	0.00204001	0.106415
0.0207646	0.00576192	0.010688	0.105744
0.0141568	0.00665524	0.00727801	0.148879
0.0114196	0.00621979	6.51603e-05	0.0899426
0.0289869	0.0117256	0.000305717	0.110902
0.0114501	0.028846	0.000781952	0.0800711
0.0173474	0.0112375	0.00293665	0.0815891
0.00996499	0.0089873	0.0100248	0.100749
0.0364544	0.0205814	0.00223112	0.079386
0.0131531	0.0210921	0.00275935	0.0537815
0.0123347	0.011297	0.0059245	0.0735089
0.00893008	0.0137237	0.000383892	0.12208
0.0235783	0.0168505	0.000256611	0.139178
0.0255895	0.0328006	0.00164726	0.172867
0.0233566	0.0148181	0.000998706	0.0621541
0.00607357	0.0173488	0.00163904	0.0744452
0.011087	0.0125013	0.000105195	0.138849
0.0289225	0.0109147	1.06577e-05	0.0977428
0.0239413	0.00283124	0.00165765	0.0807909
0.0512999	0.0225369	4.73377e-05	0.0607606
0.0203896	0.0144951	0.000104969	0.0935937
0.00813749	0.0072782	0.00360446	0.0888693
0.00572904	0.0252368	0.000111002	0.113122
0.0189031	0.00658677	0.00609291	0.0753297
0.0159201	0.00526283	0.000638019	0.0702557
0.01085	0.00485063	0.000978904	0.0997611
0.0362669	0.0149948	0.000305955	0.0599875
0.0164239	0.0101696	2.29759e-05	0.103906
0.0109831	0.00627479	0.0214533	0.094193
0.0152748	0.0160906	0.00359983	0.0910113
0.0187631	0.00705326	0.00426745	0.102876
0.00544578	0.0202077	0.00210745	0.0876601
0.0110745	0.0145818	0.000468765	0.093929
0.0242284	0.0351349	0.000729932	0.125543
0.00760349	0.0177406	4.15314e-05	0.133706
0.0143508	0.0186747	0.000471444	0.098388
0.0161379	0.0215439	8.13552e-05	0.0866204
0.00707141	0.0236315	0.00127412	0.0761735
0.0264823	0.0253836	0.00318523	0.0819312
0.0141827	0.00970513	0.000345267	0.11671
0.0145598	0.00984932	0.00726755	0.109664
0.0150186	0.00706396	0.00352022	0.133583
0.0217475	0.0033485	7.09935e-05	0.12283
0.00681173	0.0209237	0.00833501	0.106928
0.0393298	0.0231609	6.58582e-05	0.134303
0.0137954	0.0146209	0.00366767	0.0830603
0.0188269	0.0188028	0.00223886	0.124779
0.0121718	0.00657703	0.00172824	0.106103
0.0102859	0.0276853	0.00108366	0.0586052
0.0100726	0.0174443	0.00162192	0.0890841
0.00724422	0.00844056	0.000247461	0.0788452
0.0143317	0.00714767	0.00545955	0.0629059
0.0134003	0.00744149	0.00130484	0.0902845
0.0197485	0.0163033	0.0011064	0.100865
0.013117	0.0122767	3.59715e-05	0.0868459
0.0295985	0.0127603	0.00080372	0.0757254
0.023537	0.0169986	0.0027218	0.0664092
0.0371346	0.0187657	0.0143502	0.0866904
0.00916052	0.01332	0.00019276	0.0762518
0.0140873	0.00295338	0.00222342	0.100765
0.0244299	0.00607955	0.00212399	0.089003
0.0302379	0.0152885	0.00163051	0.0738362
0.0182847	0.0136182	0.00481412	0.0942546
0.0248191	0.0107839	0.000211851	0.0745732
0.0146059	0.0135826	0.000412496	0.1031
0.00680542	0.0198531	0.0100344	0.0908326
0.020524	0.0147401	0.000183971	0.102864
0.0125049	0.0141489	0.000781739	0.057942
0.0166142	0.00970143	0.00524099	0.109255
0.017883	0.00563185	0.00206187	0.0932503
0.0210578	0.0117181	0.000861764	0.114866
0.0178807	0.00936167	0.00355469	0.0924674
0.0192127	0.0100483	0.00262159	0.0856469
0.026578	0.0056966	0.00756442	0.103254
0.0186398	0.00331148	0.00397673	0.0934489
0.0304724	0.0199943	0.000532331	0.0942114
0.0323363	0.0199002	8.71289e-05	0.0935831
0.0109524	0.00551326	0.000441529	0.100668
0.00975133	0.0282399	0.0129653	0.134359
0.02465	0.0217734	0.00102366	0.079049
0.0113194	0.0141257	0.00358249	0.12452
0.00907181	0.0116333	0.0100331	0.0707542
0.0247113	0.0487886	0.00827127	0.0918087
0.0272408	0.00179721	0.00485549	0.0851037
0.00963154	0.0585673	0.000957582	0.0877337
0.0249564	0.00876908	0.000521078	0.108038
0.0131244	0.00776307	0.000576487	0.0885115
0.0114714	0.0128029	0.00776325	0.0892429
0.0283752	0.00413962	0.000438273	0.0917285
0.0184524	0.012705	0.000608203	0.131658
0.0082832	0.0197151	0.00081475	0.080581
0.0186211	0.0118554	0.00213043	0.105799
0.0126792	0.0240021	6.44618e-05	0.0947244
0.0255277	0.0152662	0.000284423	0.152413
0.0147644	0.0150131	0.000448593	0.0749485
0.0274365	0.00890361	0.0108336	0.0981549
0.0156351	0.00209236	0.000124049	0.122193
0.0214631	0.0107327	0.00090603	0.0949965
0.0112384	0.0210782	0.00535338	0.0872718
0.002191	0.00361759	4.93253e-05	0.141149
0.00639783	0.00788463	0.000129536	0.116689
0.0126828	0.0135023	0.000820376	0.0663929
0.0313018	0.00440378	3.21382e-05	0.134687
0.0161773	0.0118245	0.00326065	0.097114
0.0169163	0.00655166	0.00596121	0.0781578
0.0130271	0.00427379	0.00242571	0.0727898
0.00908993	0.0128689	0.000738236	0.146608
0.0100189	0.0194582	0.000130368	0.100614
0.0227025	0.0050878	0.00138417	0.111146
0.010858	0.00514993	0.00655549	0.0894073
0.0268936	0.00772804	0.00207782	0.0848245
0.0181226	0.00218084	0.00317397	0.0792196
0.0092959	0.00925515	0.00277352	0.0617164
0.0252661	0.0143787	0.00120751	0.0763188
0.0252885	0.0104184	0.000721756	0.122179
0.0181406	0.00742712	0.00035062	0.0770667
0.0104093	0.0176232	0.00102477	0.107089
0.0128843	0.00813866	0.000151407	0.121699
0.0130737	0.0134663	0.00135668	0.156531
0.0239968	0.0118485	0.000333453	0.0672002
0.014523	0.00943049	0.01083	0.115707
0.0213451	0.00605474	0.000696743	0.107852
0.0080579	0.00531261	0.00227097	0.0916054
0.0143435	0.00485041	0.00574692	0.100794
0.0177756	0.0115371	0.000247988	0.109793
0.0101694	0.0067895	0.00778137	0.0661088
0.0257139	0.0114352	0.00655721	0.0849608
0.00860786	0.00743547	0.00109711	0.0765635
0.011104	0.0157274	0.00800559	0.0838063
0.0206313	0.0164969	0.0016973	0.082746
0.0113344	0.0138632	0.0024447	0.0979609
0.0164885	0.00489544	0.0012769	0.0964027
0.0236307	0.00634408	0.000415368	0.105859
0.0323829	0.0250785	0.00327282	0.0954614
0.00797548	0.0102879	0.00372966	0.0670527
0.0196605	0.0125588	0.0023892	0.081656
0.0149993	0.0130406	0.000813925	0.0997233
0.0146191	0.00788425	0.00168339	0.077253
0.0133659	0.00786311	0.0027128	0.101798
0.0134282	0.0157482	0.00438733	0.0821805
0.0156977	0.0146014	0.00119625	0.111161
0.0309336	0.0107118	0.000651956	0.0884932
0.010253	0.00040027	0.000829449	0.116249
0.0119367	0.0194392	0.00290558	0.0817372
0.0190949	0.00847466	0.00260538	0.0817931
0.0145194	0.00628749	7.20176e-05	0.0822034
0.0205191	0.0153422	0.000110798	0.0731358
0.00816552	0.00638525	0.00118076	0.074385
0.0173058	0.00510596	2.65407e-05	0.0752473
0.0299055	0.00963484	0.00636738	0.0853272
0.0149723	0.00762569	0.000699583	0.0655765
0.0157176	0.00799778	0.00277173	0.0704984
0.0152498	0.00661464	0.000988059	0.121415
0.0231194	0.00782811	0.0105791	0.130392
0.0101106	0.0139799	4.20236e-06	0.0968289
0.014159	0.0074956	0.00634268	0.0844001
0.00989406	0.00764343	0.00281523	0.146911
0.00511803	0.0166009	0.00585506	0.0829531
0.00844276	0.0242352	0.0030103	0.11481
0.0110802	0.0309725	0.00058495	0.12701
0.0133799	0.0136875	0.00196233	0.11149
0.0106592	0.00609698	0.00574423	0.106295
0.0193274	0.00406698	0.0262536	0.0884092
0.0108636	0.025295	0.00677036	0.0743851
0.023877	0.0109274	0.00670661	0.0728864
0.0138752	0.0126802	0.0109735	0.0635008
0.0119224	0.00890947	0.000654395	0.0735829
0.00504612	0.0106919	0.000985797	0.0955502
0.0307695	0.00814802	0.00411853	0.0742068
0.0195545	0.0152112	1.99455e-05	0.111352
0.0138474	0.0100136	0.00211194	0.0815133
0.0209428	0.0161594	0.000252258	0.0895585
0.0244079	0.0109668	0.00079281	0.114453
0.0221967	0.00320336	0.000317384	0.111912
0.0322648	0.0149845	0.00106213	0.0986454
0.0334779	0.0142657	0.000521349	0.116619
0.0214716	0.00815882	8.36567e-05	0.0779907
0.026107	0.00719649	0.00170445	0.0896691
0.0168292	0.00533266	0.0026119	0.0820135
0.00399454	0.0297267	0.00271337	0.111835
0.0105604	0.0120572	0.000965806	0.102873
0.0133676	0.00981042	0.0111331	0.0932942
0.0140125	0.0236346	0.00391294	0.0899403
0.0199482	0.00650708	0.00367289	0.0947119
0.0213732	0.0149988	0.000329415	0.0822658
0.00912036	0.0275821	0.000925794	0.0630354
0.0199373	0.016254	0.000533941	0.0808468
0.0311442	0.0015679	0.000470375	0.0860415
0.00596836	0.00963636	0.000141693	0.0821919
0.0170526	0.0112494	0.000981756	0.0684705
0.00323174	0.0033601	0.000343664	0.0845298
0.0293134	0.00844502	0.000747257	0.105691
0.0140384	0.0146297	0.000398858	0.0922674
0.021547	0.0246363	0.000390934	0.128816
0.0285795	0.0133807	0.000700831	0.0986078
0.0146198	0.0267053	0.000322998	0.0697953
0.0166865	0.0132197	0.0122237	0.106324
0.00555253	0.0198483	0.000291021	0.108192
0.0394073	0.00631786	0.000867788	0.107849
0.0324938	0.00309606	0.00280517	0.0758251
0.0204084	0.0185968	0.00905731	0.115608
0.0150298	0.0192742	0.000284797	0.0864887
0.0147043	0.0309368	0.00134577	0.073768
0.0303605	0.0107432	0.000131864	0.0852576
0.00491684	0.0134456	0.00373884	0.0905321
0.00553882	0.00834202	0.0021066	0.0820945
0.0224403	0.00930364	0.00147475	0.0938027
0.0217773	0.0181695	0.00906808	0.116487
0.0191012	0.01341	0.00290382	0.115607
0.0175493	0.0328093	0.00562951	0.106484
0.00465247	0.0160456	0.000338689	0.135232
0.0257701	0.027164	0.00162153	0.1266
0.0419963	0.00793018	0.000947948	0.100728
0.0171621	0.00499549	0.000599276	0.103056
0.020336	0.00391388	0.000559956	0.126254
0.0122193	0.0109357	0.000997721	0.10051
0.0346468	0.00455013	0.00495821	0.111753
0.0282136	0.0133081	0.00552989	0.0766445
0.0143541	0.00861614	0.0122752	0.112394
0.0378413	0.014832	0.0151084	0.0957393
0.0211501	0.0142783	0.000207342	0.113519
0.0295759	0.0169516	0.0028306	0.102079
0.013799	0.0203951	0.00434252	0.0777362
0.00660425	0.00875854	0.00341605	0.106418
0.0190937	0.0045878	0.00591991	0.124125
0.0246329	0.00984117	0.00187455	0.094017
0.0152574	0.0175722	0.00133253	0.0982495
0.0198197	0.0108619	0.00587402	0.137822
0.0147938	0.011048	0.000333516	0.0903999
0.010086	0.00823288	0.00531011	0.0935835
0.0139032	0.0225643	0.000297626	0.110481
0.0288158	0.0173972	0.00199844	0.0772175
0.0199839	0.0252261	0.000597478	0.118839
0.0223741	0.0182085	0.000290454	0.096174
0.00908791	0.00494208	0.0032961	0.100136
0.0415511	0.00958112	0.00666486	0.0772251
0.040512	0.0101408	5.20399e-05	0.0997306
0.0160826	0.0159991	0.00175985	0.0864619
0.00571077	0.0168168	0.000596191	0.0874415
0.00860524	0.0228412	0.00036903	0.111398
0.0118366	0.0052834	0.000478872	0.0798354
0.0223667	0.00542758	0.0019488	0.0931112
0.0173971	0.0149435	0.00239813	0.0899575
