-2.5    2.0     0.25    0
-1.25   2.0     0.25    0
0.0     2.0     0.25    0
1.25    2.0     0.25    0
2.5     2.0     0.25    0
-2.5	1.0	0.25	1
-1.25	1.0	0.25	1
0.0 	1.0	0.25	1
1.25	1.0	0.25	1
2.5	1.0	0.25	1
-2.5	0.0	0.25	2
-1.25	0.0	0.25	2
0.0	0.0	0.25	2
1.25	0.0	0.25	2
2.5	0.0	0.25	2
-2.5	-1.0	0.25	3
-1.25	-1.0	0.25	3
0.0	-1.0	0.25	3
1.25	-1.0	0.25	3
2.5	-1.0	0.25	3
-2.5    -2.0    0.25    4
-1.25   -2.0    0.25    4
0.0     -2.0    0.25    4
1.25    -2.0    0.25    4
2.5     -2.0    0.25    4
