0.375	0	0	13.8198
0.0235842	0.00493717	0.00163514	0.0721948
0.0161014	0.0364136	0.0173564	0.0491739
0.017193	0.0158068	0.00159088	0.0711461
0.0205604	0.0214195	0.000278282	0.0905653
0.0270554	0.0318519	0.00772604	0.0633888
0.0106694	0.0102002	0.00430479	0.0983577
0.0293199	0.0135227	0.00115035	0.0536512
0.0201646	0.0203522	0.0058461	0.0593363
0.0299135	0.0173859	0.00104367	0.0572002
0.0292719	0.00800058	0.0033354	0.0690824
0.0352083	0.0108287	4.41287e-05	0.0811384
0.031173	0.00856534	0.00150498	0.0533421
0.0200587	0.019512	0.00170397	0.0813519
0.0118866	0.0104053	0.00416491	0.0529385
0.0192789	0.0286256	0.00190205	0.0801626
0.0169735	0.0124455	0.000203148	0.0815535
0.0199749	0.028972	0.00449108	0.0656159
0.0308054	0.0272701	0.000766451	0.079802
0.0250221	0.0190762	0.00347748	0.0902288
0.0344725	0.00966382	0.00242967	0.0813254
0.0169037	0.0106219	0.0136728	0.0518042
0.0279069	0.0143687	1.69912e-06	0.0703539
0.0164277	0.0186933	0.00456674	0.0976825
0.019182	0.0108958	0.000810984	0.078865
0.0243896	0.0475586	0.00412439	0.0996069
0.0265541	0.0159084	0.00313105	0.0613269
0.0246372	0.0140449	0.000492416	0.0758848
0.00803987	0.016182	0.00230137	0.08489
0.0356137	0.0285559	0.00534348	0.068976
0.0187081	0.0179676	0.00475256	0.0783453
0.0307357	0.0210296	0.0022276	0.0539889
0.0229848	0.018066	0.000337354	0.0877505
0.0211689	0.0130682	0.0049449	0.0692209
0.0339268	0.0301493	0.00344952	0.0798323
0.0339154	0.0121912	0.00185507	0.116415
0.0146359	0.0205656	0.00179641	0.0674305
0.0160072	0.0151837	0.00850751	0.0779536
0.0312264	0.0121953	0.0047302	0.053832
0.0325478	0.0189088	0.00351748	0.0656605
0.0216234	0.0291792	0.00106249	0.0570166
0.0169315	0.0112229	0.0203475	0.0759249
0.0204147	0.010118	0.00427223	0.0773266
0.0236094	0.0175668	0.00500374	0.0567707
0.0194242	0.0102514	0.00150102	0.0653634
0.0215142	0.0116659	0.00366967	0.0684935
0.015294	0.022793	0.00219645	0.0763152
0.0258095	0.0208084	0.00365082	0.0666723
0.0149581	0.0428178	0.00397728	0.045797
0.0136212	0.0220707	0.000677601	0.0753266
0.0158248	0.0333886	0.00702471	0.0694526
0.0168033	0.0382385	0.00415287	0.0674418
0.0218064	0.0105397	0.00121128	0.0910734
0.0246852	0.0248066	0.0115999	0.097143
0.0195934	0.0337486	0.000820451	0.0565778
0.0316061	0.0267442	0.00348495	0.0674686
0.033058	0.0146847	0.000978674	0.0695675
0.00825527	0.0132356	0.00437862	0.0641263
0.0182006	0.0220908	0.00259001	0.0579196
0.00872105	0.0265297	0.000122995	0.105441
0.0160249	0.0183836	0.00656198	0.0753415
0.0127348	0.01258	0.00148232	0.0545918
0.013277	0.020442	0.00898306	0.0781727
0.0202819	0.0194107	0.00130581	0.0697162
0.0275707	0.0215437	0.0165451	0.0671425
0.0227638	0.0268435	0.0022404	0.0806016
0.042567	0.02783	0.000378583	0.0665765
0.0231322	0.00901178	0.00250449	0.0737229
0.0254123	0.0209838	0.00195523	0.0507022
0.0268084	0.0136273	0.00510233	0.0726122
0.0417108	0.0133368	0.00534041	0.0631556
0.00908808	0.0158751	0.00121838	0.0619856
0.0133345	0.0315283	0.00408768	0.0565935
0.0223379	0.0190753	0.000408297	0.0720737
0.0219822	0.0126967	5.58275e-05	0.0431456
0.0235359	0.00997504	0.00317028	0.0736819
0.0175698	0.0309949	0.00114839	0.0554367
0.0223982	0.0192796	0.00285493	0.0408276
0.015353	0.0153083	0.000472797	0.120371
0.0272812	0.0288613	0.00662102	0.0924027
0.0312497	0.0386383	0.0051898	0.0871618
0.039893	0.00224184	0.000453147	0.114846
0.0215632	0.0295081	9.78135e-05	0.0690723
0.0149293	0.00979551	0.00153209	0.0726756
0.0470652	0.0530132	0.00318287	0.0854108
0.0394761	0.00985126	0.00121015	0.0439061
0.0218051	0.0119469	0.00351016	0.0844831
0.0119746	0.0239055	0.00453479	0.06059
0.0202	0.024108	0.00467341	0.0556708
0.0265502	0.00538076	0.00150514	0.0598148
0.0053689	0.0315468	0.00539836	0.0491794
0.0204008	0.0284627	0.0247887	0.0595407
0.00854476	0.010548	0.00389433	0.0434123
0.0277415	0.0181069	0.00612676	0.0605608
0.0315701	0.0357404	3.1142e-05	0.0799406
0.0210153	0.0171111	0.0052968	0.0509681
0.0201796	0.0325492	0.00663222	0.0883432
0.0102906	0.0123478	0.00515998	0.0505257
0.0112439	0.0221349	0.0101275	0.068878
0.0209409	0.0275345	0.00271376	0.0955572
0.0215733	0.00545217	0.00435047	0.0828663
0.0240501	0.00598942	0.00629197	0.0780219
0.0151209	0.0163536	0.00224859	0.0674193
0.0237005	0.0186009	0.00622245	0.0533007
0.0231596	0.0263764	0.000886172	0.0565061
0.0224173	0.0322149	0.0019901	0.072275
0.0445028	0.0298938	0.00357951	0.0606345
0.0144258	0.0149644	0.00161942	0.0627631
0.0316086	0.0148527	0.00289969	0.0793098
0.0411543	0.0303732	0.00375695	0.108758
0.0220364	0.0185445	0.00265647	0.0760327
0.0312254	0.00902284	0.00597349	0.0747697
0.0205904	0.00926477	0.00748404	0.0591712
0.00994891	0.021464	0.00352699	0.0749941
0.0138204	0.0314904	0.000150047	0.0935218
0.0250836	0.0296665	0.00914065	0.0796545
0.0172886	0.0051135	0.00256122	0.0695346
0.0421649	0.0218678	0.0113537	0.0824284
0.0411089	0.0233455	0.00828368	0.0686413
0.0235492	0.0196175	0.000524288	0.0768336
0.0225643	0.0191878	0.00130765	0.0742551
0.0210786	0.0121488	0.00324527	0.0652164
0.0223952	0.0161495	0.000358229	0.0549426
0.0112562	0.034768	0.01427	0.0629527
0.0142796	0.017042	0.00786239	0.0658412
0.0275048	0.022167	0.00586309	0.0532946
0.032586	0.0102451	0.00421082	0.056245
0.0225029	0.0142619	0.0030589	0.0661977
0.0216503	0.0223861	0.000288119	0.0700887
0.0201557	0.0182148	0.00193197	0.046157
0.0224944	0.0198145	0.00184661	0.0579804
0.0404375	0.0131614	0.00714571	0.0990216
0.00919284	0.0216585	0.00154462	0.0481171
0.0218856	0.0215104	0.00350511	0.0746025
0.0229407	0.0169785	0.00373588	0.0587274
0.0158905	0.0298442	0.00228614	0.0610674
0.0462189	0.0247363	0.00365136	0.0613941
0.0192634	0.0270005	0.00438504	0.075595
0.0212858	0.0178889	0.000203048	0.069272
0.0453388	0.0207817	0.00504928	0.0708781
0.0233851	0.0218347	0.0107219	0.0663137
0.0436829	0.0125111	0.00294666	0.0598927
0.0265462	0.0181092	0.00144223	0.0560106
0.02056	0.00873383	0.000311929	0.0680509
0.0297429	0.0100024	0.00248736	0.0425207
0.0475751	0.0135595	0.00578084	0.0576427
0.0183441	0.0221268	0.00180868	0.0512979
0.0398501	0.0262383	0.00101535	0.0781543
0.0586988	0.0330927	0.010474	0.0464783
0.0165118	0.0267554	0.00716531	0.0887074
0.0209224	0.00939617	0.00471932	0.0523134
0.0386111	0.0174994	0.016126	0.0447081
0.0198019	0.00827556	0.00247706	0.0607147
0.0257174	0.0191648	0.00888098	0.0893895
0.0158158	0.00439954	0.0139889	0.0394502
0.0354578	0.017209	0.00743839	0.100561
0.037708	0.0142693	0.00531922	0.0608726
0.0234752	0.0249516	0.00050052	0.0621042
0.0310429	0.00641351	0.00197368	0.0507982
0.0131158	0.00895953	0.00165035	0.0589992
0.0423612	0.0106552	0.000496522	0.0653213
0.020642	0.0127511	0.0152879	0.0679399
0.00924505	0.0207695	0.00585447	0.0837747
0.0371384	0.0130053	0.00240677	0.0776663
0.0527198	0.0229745	0.00881225	0.0665635
0.0443559	0.0233154	0.000357446	0.0858559
0.0293363	0.0303943	0.00591467	0.0487086
0.0279763	0.0124398	0.000307871	0.0596151
0.0297791	0.0116787	0.00318534	0.0758691
0.0333018	0.0176453	0.0041318	0.0580496
0.0440376	0.00630365	0.00506807	0.0796884
0.0463381	0.0169304	0.00074388	0.0522373
0.042088	0.0204481	0.0055953	0.0768975
0.00934312	0.0222914	0.000322073	0.0848923
0.0178273	0.0107903	0.00370905	0.0655136
0.00872529	0.0109803	0.002369	0.063398
0.0350627	0.0281515	0.00678839	0.0661866
0.027093	0.00952396	0.0114193	0.0721454
0.0310578	0.0150039	0.00297898	0.0693419
0.0165709	0.00767244	0.000548635	0.0663457
0.0229696	0.0161289	0.00880492	0.0719657
0.0450194	0.019324	0.00497014	0.0491034
0.0242179	0.022374	0.00080656	0.0724541
0.0171113	0.023299	0.00604167	0.0671736
0.0449064	0.0220465	0.00417765	0.0716246
0.0265923	0.00953363	0.000641225	0.0714904
0.0219525	0.00722376	0.00760227	0.0612409
0.0367247	0.0100229	0.00359881	0.0704102
0.0251414	0.0122496	0.00701617	0.0712833
0.0250408	0.0188828	0.00187094	0.0561573
0.0282146	0.0361471	0.00353876	0.0563839
0.0171671	0.0193435	0.000586529	0.0844327
0.0322346	0.0196892	0.000432749	0.0854708
0.0201192	0.00786249	0.0011427	0.0960675
0.0389659	0.0127892	0.000410792	0.055504
0.0138527	0.0253703	0.000530565	0.103644
0.0235727	0.0178189	0.0043173	0.090259
0.0281933	0.0171598	0.0013598	0.0716909
0.0329428	0.00916781	0.000539404	0.0820609
0.0171567	0.0131748	0.000412555	0.0397603
0.00433756	0.0110834	6.21567e-05	0.0652133
0.0185078	0.0470802	0.00270711	0.0701694
0.0338854	0.0223892	0.000410308	0.0800564
0.0189453	0.0207452	0.00254469	0.0761174
0.0269591	0.0142427	0.00124908	0.0737159
0.00953089	0.00808503	0.00185839	0.0942906
0.0179819	0.0120787	0.00812303	0.0665108
0.0392001	0.0126973	0.00238448	0.0483512
0.0337729	0.00555448	0.00387635	0.0269725
0.0268824	0.0150192	0.00129625	0.0753776
0.0348855	0.0134935	0.00545166	0.0692086
0.0197245	0.0188052	0.000176111	0.0731892
0.0230821	0.0172198	0.00238322	0.0515632
0.00992068	0.0218137	0.00436557	0.0847621
0.0463345	0.0212497	0.00942688	0.0552766
0.0292944	0.0136889	0.00697039	0.0715923
0.0172075	0.0152841	0.000242535	0.0710847
0.0239096	0.0146714	0.00108919	0.0667105
0.0316784	0.0131898	0.00878204	0.0585407
0.022737	0.0102196	0.00120317	0.0561036
0.0169222	0.014127	0.00334931	0.0782703
0.0216599	0.023117	0.00679091	0.0622583
0.0203208	0.010595	0.00847455	0.066546
0.0251115	0.0126194	0.00539848	0.0875365
0.00906733	0.0101179	0.000182585	0.0681528
0.0387131	0.0211389	0.00534504	0.0811362
0.029573	0.0113775	0.00490989	0.053419
0.0287172	0.0077929	0.000496538	0.0620287
0.0295812	0.00641287	0.000760494	0.0505733
0.0269093	0.0184785	0.000347986	0.077933
0.0162489	0.0288149	0.000169746	0.107516
0.0218202	0.0267232	0.00228443	0.0814237
0.00821691	0.0186801	0.00419931	0.0507738
0.0191574	0.024369	0.00378902	0.0940331
0.0121828	0.0307397	0.00972999	0.0546942
0.0227439	0.00969835	0.00194908	0.0539995
0.025695	0.0188358	0.0045899	0.064581
0.0181823	0.0177654	0.000698017	0.0455144
0.016121	0.0265495	0.0040826	0.0705201
0.0169148	0.0251623	0.00285217	0.0638491
0.0227249	0.0184721	0.00343613	0.0623441
0.0306732	0.0398306	0.000259119	0.0603162
0.0284848	0.0195072	5.96091e-05	0.0488104
0.0156607	0.00872309	0.00674956	0.065226
0.0313954	0.0161506	0.00483296	0.0418109
0.0352245	0.0162232	0.00834989	0.0647586
0.0320449	0.0125733	0.000188144	0.0642639
0.0211547	0.0212731	0.0058918	0.0699712
0.022782	0.022323	0.00441851	0.0747862
0.016407	0.0114112	0.00143601	0.0725927
0.0355629	0.00616985	0.00176983	0.0737142
0.0489315	0.00706715	0.000665119	0.0728419
0.0171921	0.0267738	0.00463545	0.0962047
0.038769	0.0234737	0.00116326	0.0613018
0.0290437	0.0233695	0.00257831	0.0697493
0.0169763	0.00987924	0.00210312	0.0582193
0.0259709	0.0185461	0.000179895	0.0765867
0.0408914	0.029125	0.00923206	0.0749046
0.0188675	0.0109844	0.00035469	0.0877196
0.0245513	0.0342167	0.00546525	0.0808327
0.0248448	0.014368	0.00416528	0.0570354
0.0220393	0.0216244	0.0120877	0.0812109
0.0334099	0.015008	0.000939362	0.0673403
0.0246394	0.0280232	0.0119494	0.115454
0.0207762	0.0190527	0.00398395	0.0494278
0.0157641	0.0345765	0.00765205	0.0709973
0.0152247	0.0401864	0.000323054	0.047977
0.0364843	0.0108258	0.00420948	0.10587
0.0351956	0.011159	0.00210109	0.0559546
0.0266102	0.00950978	0.00690104	0.0687944
0.0133734	0.019572	0.00458077	0.0519668
0.0145275	0.00941242	0.00213717	0.0799261
0.0276456	0.00391092	0.00253126	0.0756757
0.0361037	0.00928236	0.000921444	0.0745284
0.0236823	0.00820779	0.00375652	0.0709911
0.0250351	0.0215483	0.00347635	0.0691546
0.0222109	0.0236544	0.000301982	0.0807351
0.0288575	0.00974717	0.00234149	0.0775056
0.023931	0.0278502	0.00434026	0.058697
0.0141506	0.00848987	0.000773398	0.0608491
0.0126671	0.00491286	0.000771356	0.102442
0.00990982	0.0297214	0.00145222	0.0785628
0.0309404	0.0365481	0.00955301	0.0709332
0.0181384	0.0230458	0.00584755	0.0693118
0.0380367	0.0224183	0.00559892	0.112159
0.037384	0.0263801	0.00252182	0.0660574
0.0222337	0.0287182	0.00231866	0.0626398
0.0217795	0.0143133	0.00205528	0.0527891
0.0161324	0.0252319	0.0012027	0.0593959
0.0231338	0.0157158	0.00498267	0.100121
0.0127557	0.00592368	0.000742279	0.0662499
0.0232537	0.0294638	0.0048821	0.0670623
0.0398347	0.0227582	0.00664474	0.0678765
0.0376991	0.0430644	0.0136925	0.0688644
0.0142189	0.0141686	0.00411703	0.0903633
0.0283766	0.0187673	0.00354015	0.045128
0.0160349	0.0185764	0.00055194	0.0552485
0.015852	0.0068601	0.00294864	0.0700603
0.0223839	0.0317275	0.000681868	0.0669393
0.0348777	0.0221347	0.00419983	0.0781253
0.0260465	0.0202599	0.00455361	0.0688621
0.0121807	0.0329081	0.0126996	0.0752519
0.035714	0.00733816	0.000431091	0.0677174
0.0329907	0.0239941	0.00456675	0.0939902
0.0269515	0.0164632	0.00567599	0.0713141
0.037446	0.00978727	0.00300396	0.0726019
0.025831	0.0147909	0.00642482	0.0688161
0.0612588	0.017522	0.00431026	0.105786
0.0131953	0.0304205	0.000591607	0.109221
0.0243778	0.0065871	0.00148081	0.111137
0.0162896	0.0287421	0.00302121	0.0782508
0.00803145	0.0126752	0.00590765	0.0776779
0.024441	0.00947449	0.000100798	0.0796652
0.0327976	0.0182993	0.00289443	0.0797498
0.0157408	0.0175706	0.00350753	0.0903126
0.0135663	0.0207039	0.00338638	0.0528626
0.0132901	0.0179732	0.00105959	0.0716851
0.0135291	0.0197356	0.00684168	0.0700256
0.0137132	0.0322887	0.00295392	0.0657078
0.0120609	0.030183	0.0051984	0.0551276
0.0298025	0.00746074	0.00195116	0.0728832
0.0124326	0.0387737	0.00475247	0.110527
0.0226743	0.0234536	0.0104458	0.084714
0.0321823	0.0159335	0.00125835	0.0597526
0.0172477	0.0114205	0.00603297	0.0827454
0.0139508	0.00803741	0.00987992	0.0601866
0.0238223	0.00366791	0.00585296	0.0677254
0.0163766	0.00541849	0.00131833	0.0677646
0.0135375	0.0118421	0.00685245	0.0966788
0.0182161	0.0093728	0.000445685	0.0680954
0.021671	0.0112841	0.0033634	0.054018
0.00764346	0.0142623	0.0077842	0.0874914
0.0156041	0.00860216	0.00426613	0.0706045
0.0240407	0.02278	0.000126399	0.0713629
0.0112935	0.0382737	0.0013708	0.0711881
0.0180385	0.0169122	0.0010253	0.0876245
0.0153386	0.00674207	0.00147908	0.0675791
0.0171241	0.00829482	0.0039994	0.0898039
0.0280773	0.0143386	0.00920501	0.0732993
0.0171389	0.0258063	0.00238006	0.0791571
0.0437507	0.0284782	0.00354781	0.0661135
0.0122057	0.00724282	0.00170111	0.049468
0.0174151	0.0172806	0.00133237	0.0781437
0.0207007	0.0281552	0.000560385	0.0448847
0.0510843	0.0319223	0.00912559	0.0676515
0.0189045	0.006913	0.000189508	0.0718746
0.0170057	0.0264496	0.00203593	0.0755557
0.0372572	0.0062741	0.0324059	0.0654756
0.0214777	0.0263063	0.00242426	0.0471568
0.0305325	0.0129083	0.00758921	0.0620326
0.0158704	0.0185119	0.00164078	0.0633569
0.018519	0.00904194	0.000192153	0.0685262
0.0470275	0.0124063	0.000298037	0.0821192
0.032047	0.029568	0.00645552	0.0817525
0.0149161	0.0280323	0.00110825	0.0594691
0.0319015	0.0274651	0.000581518	0.0780055
0.0231169	0.0295924	0.00467476	0.0877224
0.0318829	0.0139346	0.00307138	0.0511196
0.0367793	0.0101256	0.00156803	0.0481691
0.0116081	0.0143982	0.0121486	0.0639259
0.0160933	0.0123808	0.00172132	0.0730729
0.0455024	0.0146135	0.00473875	0.0832553
0.0170716	0.0235171	0.00017035	0.0491608
0.0126637	0.0159979	0.0120334	0.0464632
0.0362514	0.0118417	0.00484505	0.0778009
0.0174117	0.00560479	0.00703852	0.102573
0.0178345	0.0255588	0.00198656	0.0839581
0.0585966	0.0136251	0.0071208	0.0830396
0.0340073	0.00638459	0.000553111	0.0823949
0.0193996	0.0303212	0.00385959	0.0561076
0.0209082	0.00900959	0.0174745	0.0448195
0.0209172	0.0159757	0.000276989	0.0875936
0.0221574	0.00797242	0.00805374	0.0612376
0.0255378	0.0110807	0.00708706	0.0605554
0.0238955	0.0213306	0.000285876	0.0605334
0.0112102	0.0171267	0.000514867	0.04877
0.0225142	0.0170683	0.0135683	0.0656487
0.024381	0.00937413	0.00546187	0.0611101
0.0213804	0.0296399	0.0096775	0.0482397
0.0306991	0.0135708	0.00462547	0.0697026
0.0116738	0.0175043	0.000512131	0.062992
0.0136266	0.0100315	0.00373601	0.0680688
0.0145621	0.0212482	0.000316569	0.066272
0.026473	0.010351	0.00862375	0.0710802
0.0349291	0.019711	0.00768993	0.0961126
0.0198376	0.0289237	0.00301874	0.0654647
0.0266191	0.0108053	0.000867966	0.062929
0.0263586	0.0143412	0.00451619	0.0604339
0.01855	0.0128808	0.0112858	0.070005
0.0262412	0.0167554	0.00511369	0.080269
0.0279032	0.0155343	0.00887872	0.0512103
0.0467525	0.0372284	0.00301472	0.0867418
0.0302122	0.0145029	0.0066764	0.0615027
0.037222	0.004449	0.00304609	0.0864303
0.055307	0.0136091	0.00213607	0.0655599
0.0222075	0.00819428	0.00292562	0.05742
0.0225157	0.032906	0.000521993	0.0765851
0.0354863	0.0146519	0.000789519	0.0542758
0.0114804	0.0170019	0.0100184	0.0994161
0.0213539	0.0384756	0.000998877	0.0703843
0.0158676	0.017289	0.0144244	0.0574864
0.0151436	0.0138965	0.00632076	0.0551785
0.0123263	0.0308397	0.00466812	0.0594122
0.0172577	0.0252138	0.000932548	0.0668904
0.0263644	0.0131667	0.00174289	0.0994396
0.0260484	0.0179226	0.00147238	0.0796926
0.0217758	0.0274151	0.000828132	0.0554729
0.0157244	0.0337921	0.00338558	0.0481099
0.0353852	0.0080794	0.0105653	0.0843843
0.0175116	0.00362463	7.55759e-06	0.0606123
0.0392879	0.00899985	0.00092017	0.0657118
0.0218247	0.0284481	0.00199908	0.0720908
0.0179637	0.0189166	0.0124444	0.082352
0.0140473	0.0153421	0.00510897	0.0890433
0.0132928	0.0146046	0.00102521	0.13317
0.0163604	0.00715141	0.00370532	0.0670638
0.0205996	0.013583	0.0107695	0.0613235
0.0251867	0.0210628	0.00173491	0.0515797
0.0259331	0.00936455	0.00245017	0.084871
0.0271741	0.00393313	0.00356333	0.0657826
0.0135423	0.0212861	0.00368033	0.0960659
0.00974995	0.0136229	0.000381636	0.0877798
0.0174825	0.0179486	0.0150934	0.12034
0.0482403	0.0110026	0.00175747	0.0647211
0.0181359	0.0176516	0.00122836	0.0611118
0.0117642	0.017705	0.00810301	0.0620124
0.0259037	0.0274128	0.0057205	0.0638113
0.0317157	0.0260753	0.00849058	0.0991501
0.0258325	0.0137816	0.00694935	0.0881187
0.040309	0.010001	0.000112452	0.0578218
0.0182101	0.0232158	0.00156856	0.120403
0.0271687	0.00630219	0.000345532	0.0333168
0.020199	0.00869596	0.0040399	0.0773489
0.00796726	0.025208	0.0019638	0.0660452
0.0210072	0.0179939	0.00040341	0.0874059
0.0189163	0.0125814	4.69383e-06	0.04285
0.0229466	0.0104432	2.10466e-05	0.0685678
0.0242218	0.0118434	0.00284836	0.067635
0.0146704	0.0135114	1.38164e-05	0.0440707
0.0117061	0.0311617	0.00100912	0.092492
0.0207684	0.00758928	0.00489968	0.0734781
0.0171728	0.011399	0.000598216	0.0925147
0.0276417	0.026255	0.00785621	0.0592317
0.0323796	0.0230329	0.00776705	0.0592065
0.00999785	0.0346154	0.00255146	0.0428937
0.0229266	0.0295915	0.000562475	0.0595783
0.0166514	0.0251344	0.00132396	0.0495395
0.0303793	0.0210475	0.00491557	0.0950283
0.028589	0.0115488	0.00611098	0.0744639
0.0311933	0.0246559	0.00560708	0.0627516
0.0331686	0.0129181	0.000890681	0.0869248
0.0161704	0.0188312	0.00672375	0.0799205
0.0241322	0.00612092	0.00749487	0.0743474
0.0229423	0.0197246	0.00623517	0.050471
0.0379437	0.01279	0.00190334	0.0705101
0.0315247	0.013489	0.00182793	0.0516585
0.0229701	0.0196814	0.00158575	0.0406123
0.0193708	0.028502	0.000890667	0.078322
0.0259089	0.0104244	0.00343292	0.0991671
0.00948832	0.00987112	0.00116213	0.0597131
0.0175306	0.0237398	0.00261026	0.0748402
0.0283007	0.02711	0.0061108	0.0394197
0.0260269	0.026152	0.00183635	0.0639585
0.0157592	0.02122	0.00253198	0.0762486
0.012078	0.0142526	3.96956e-05	0.0850765
0.0268425	0.0249045	0.00551036	0.0793114
0.0453376	0.0187206	0.000643395	0.0662417
0.0132602	0.039397	0.000838031	0.059218
0.02682	0.0187973	0.00310325	0.0870265
0.0204455	0.0236383	0.00283977	0.0450236
0.016137	0.0317463	0.00744255	0.0796454
0.0167453	0.00819596	0.0051145	0.0911427
0.0226059	0.00397251	9.79437e-05	0.0591715
0.0192161	0.00466461	0.0154874	0.0672616
0.0276487	0.00887656	0.00633432	0.0562526
0.0169296	0.0222333	0.00270323	0.0793847
0.0319421	0.0223062	0.00394134	0.0801218
0.00898709	0.0252869	0.0112575	0.0557348
0.0308707	0.00983079	0.00290201	0.0720932
0.0207662	0.0315713	0.00452737	0.0950282
0.00979432	0.0219519	0.00656823	0.0766379
0.0187503	0.0166418	0.00580917	0.0617031
0.0153348	0.0107942	0.00404995	0.077391
0.0227043	0.014398	0.0028653	0.0653788
0.0345253	0.0336995	0.00158544	0.0620912
0.00927577	0.00453282	0.00270045	0.106712
0.0164396	0.0315706	0.000166298	0.0797581
0.0136702	0.0190226	0.0171542	0.0407242
0.0547431	0.0449857	7.1579e-05	0.0798867
0.0300848	0.0255526	0.0133377	0.0660721
0.0202888	0.0176284	0.000407754	0.0808248
0.0330486	0.0140989	0.000344597	0.0659243
0.0107442	0.011268	0.00216461	0.0744495
0.0205249	0.0309352	0.00102895	0.112136
0.025112	0.019481	0.00485047	0.0569793
0.0103618	0.0170496	0.00186339	0.0741005
0.0212041	0.0212226	0.00490196	0.0776062
0.0261454	0.00934147	0.00309298	0.0679332
0.0146438	0.0300983	0.00619134	0.0841924
0.0156836	0.0272026	0.00245592	0.0497015
0.0142122	0.0161171	0.000530711	0.0442112
0.0198593	0.00863866	0.0103116	0.0731725
0.0241046	0.0189049	0.0023124	0.0677139
0.0200008	0.0156606	0.00318682	0.0705361
0.0174959	0.0264507	0.00383436	0.0662648
0.0238439	0.021424	0.0142746	0.0947123
0.0293092	0.0156532	0.00197578	0.107355
0.0145701	0.0220168	0.00288313	0.0663231
0.0334862	0.0129634	0.00143721	0.0825268
0.0236094	0.0225735	0.00149093	0.0429184
0.045408	0.029821	0.000517994	0.069489
0.017102	0.0350691	0.00402059	0.0658469
0.0335719	0.023616	0.00309276	0.0735419
0.0311007	0.0183709	0.00194646	0.107759
0.019899	0.0187923	0.0019114	0.0451753
0.0175655	0.0253233	0.00029363	0.0995225
0.0355337	0.0211177	0.0037421	0.0684357
0.0350517	0.0104325	0.00155059	0.0709749
0.024194	0.0149885	0.0111431	0.0471479
0.0506432	0.0148061	0.00337296	0.0605515
0.0335968	0.0223964	0.00189392	0.0685587
0.0273529	0.0204253	0.00692523	0.098585
0.018413	0.00921635	0.0017382	0.0730729
0.0174362	0.00583818	0.000313017	0.0690905
0.0173153	0.011597	0.00210413	0.0864936
0.0166736	0.0222635	0.00985859	0.0578504
0.0327116	0.0280236	0.000135149	0.0892651
0.0217295	0.0201735	0.000288706	0.0831432
0.00906725	0.0184032	0.00263882	0.0744386
0.0254753	0.0107795	0.007585	0.0809741
0.017024	0.0139231	0.00268572	0.0768966
0.0181846	0.0142204	0.000289419	0.0586366
0.0239148	0.0241288	0.00141404	0.0533933
0.00714354	0.0110014	0.00534103	0.0613403
0.0443227	0.0391952	0.00403492	0.0515629
0.0158037	0.0170578	0.00568346	0.101345
0.0209841	0.0101223	0.000704318	0.0686302
0.0332679	0.0350272	0.000313277	0.0760051
0.0192914	0.0270208	0.0149399	0.0739585
0.0146503	0.00949631	0.00103647	0.0709746
0.0272128	0.0161311	0.019606	0.0734499
0.024171	0.0102355	0.0224947	0.0667484
0.0333832	0.00896091	0.0153903	0.0591494
0.0270308	0.022764	0.00159842	0.0897832
0.0442678	0.0395646	0.000598513	0.0675029
0.0229332	0.0113517	0.00181203	0.0646299
0.0176095	0.00794557	0.000422406	0.0732551
0.036129	0.0305965	0.0046105	0.0624672
0.010122	0.0128093	0.00365159	0.0767829
0.0280899	0.00911617	0.000116577	0.0745505
0.033254	0.0187978	0.00865558	0.0837141
0.0236662	0.0118082	0.00230805	0.0773617
0.0271262	0.0193733	0.000282365	0.0629518
0.0340635	0.0195592	0.00870186	0.0658939
0.0197832	0.00772426	0.00607319	0.0733179
0.0341819	0.021296	0.0025997	0.0521031
0.0452137	0.0141409	0.00556794	0.0735562
0.022715	0.0182532	0.0247483	0.0686803
0.0346954	0.0177336	0.00116862	0.0699601
0.0192138	0.0176729	0.00544951	0.0754451
0.0304336	0.0451551	0.00707943	0.0647204
0.0227485	0.0234315	0.00358307	0.0749365
0.0179382	0.0145487	0.00472089	0.0624385
0.0125121	0.0188409	0.000920897	0.081968
0.0266198	0.0541973	0.000954109	0.0465264
0.0148331	0.0190672	0.00111366	0.104555
0.0113821	0.0209654	0.00128433	0.0961485
0.0232346	0.00961151	0.000703232	0.0447169
0.0277021	0.00983348	0.00381348	0.0727787
0.0162997	0.0172803	0.00386791	0.0566672
0.0098871	0.0099629	0.000622166	0.0751413
0.0129477	0.00972772	0.00208993	0.111718
0.0196312	0.0118859	0.0310745	0.0930948
0.0103547	0.0107044	0.00349764	0.0902263
0.00726994	0.0161649	0.0043482	0.0387895
0.0306527	0.00977869	0.000334178	0.0555758
0.0355914	0.0125107	0.00288212	0.0635119
0.0392575	0.0291992	0.00785054	0.0531801
0.015056	0.0209018	0.000306153	0.059287
0.0291389	0.0166523	0.00634789	0.0626255
0.0326838	0.0218532	0.012856	0.0669839
0.0188041	0.0312944	0.0146915	0.101533
0.0230988	0.0186226	0.000276072	0.101484
0.028193	0.00857671	0.0204402	0.0638469
0.0555029	0.0310255	0.000531373	0.102469
0.0174986	0.0193751	0.00321023	0.0581462
0.0290189	0.0119836	0.00999511	0.0405127
0.0275215	0.0170366	0.00566415	0.0413962
0.0288799	0.0220314	0.00948812	0.0896185
0.0431459	0.0269242	0.00260938	0.0968578
0.0126939	0.0250468	0.00523117	0.0619122
0.0220237	0.0167183	0.00458442	0.101413
0.00915206	0.0373291	0.0037269	0.102672
0.0291196	0.017808	0.000586799	0.0652104
0.0133428	0.0177995	0.000326059	0.0769276
0.0157306	0.0117642	0.00396072	0.0637708
0.0368795	0.0103689	0.0037825	0.0792262
0.0240652	0.0262471	0.00122173	0.0523526
0.0159144	0.0255194	0.00274714	0.0871751
0.0194216	0.0056259	0.00416139	0.0680713
0.0325599	0.00867176	0.00900356	0.0624342
0.0449775	0.020692	0.00268684	0.112308
0.037296	0.0256179	0.00608858	0.07947
0.0242798	0.0104734	0.00925351	0.0629906
0.0322784	0.0108927	0.0008605	0.053498
0.0323863	0.0053801	0.00371861	0.0929841
0.0460953	0.0172414	0.00625766	0.0648095
0.0305303	0.0132185	0.0013359	0.0960038
0.0191217	0.0189416	0.000886558	0.0512864
0.0177589	0.0119208	0.00149334	0.0793392
0.0101717	0.0226556	0.00329195	0.109286
0.0332517	0.00971728	0.00414349	0.0835663
0.0232297	0.0101086	0.00997045	0.066652
0.028234	0.0241212	0.00769729	0.0697341
0.0111278	0.0541212	0.00113726	0.0541249
0.0157659	0.0160209	0.00221339	0.0856817
0.0289829	0.029548	0.00499883	0.0612502
0.0308972	0.0170118	0.00553434	0.092198
0.0134287	0.0180633	0.00258718	0.0333716
0.0357445	0.00791707	0.0115233	0.0351882
0.00816975	0.0235371	0.0028882	0.0539103
0.0175304	0.0180352	0.00131581	0.0921092
0.028038	0.0323889	0.00369723	0.0717122
0.0174741	0.0350559	0.00105433	0.0718492
0.0377788	0.00714385	0.00765345	0.0446288
0.0258416	0.0215238	0.00356277	0.0640828
0.0139035	0.0227798	0.00299642	0.0749755
0.028873	0.0191499	0.00937551	0.0774207
0.0183449	0.00681629	0.00139873	0.0744739
0.0378715	0.0208052	0.00391188	0.0863097
0.0345742	0.0153871	0.0128579	0.0844228
0.0308866	0.0129737	0.0146364	0.0782147
0.0298896	0.0101166	0.00255545	0.0554138
0.0389102	0.0381561	0.00479043	0.0953395
0.0349277	0.0215798	0.00370052	0.0785847
0.016176	0.0166402	0.00847138	0.0939747
0.0352555	0.0147976	0.00129623	0.048244
0.0189436	0.0188937	0.00277013	0.0472413
0.0156936	0.00631977	0.0156127	0.0689892
0.0360939	0.0176696	0.00218895	0.0498296
0.00884963	0.0243427	0.00768095	0.0512126
0.0255205	0.0276672	0.00849309	0.0693149
0.024076	0.0204453	0.0143632	0.0586542
0.0229646	0.0109299	0.00139528	0.0669432
0.0310457	0.0149633	0.00694067	0.0552828
0.0122448	0.0153928	0.0175033	0.0583365
0.0455914	0.0186331	0.0011738	0.0642219
0.0161523	0.0129934	0.0109155	0.079097
0.0160799	0.0059653	0.0018556	0.0724477
0.0167615	0.0277962	0.00721989	0.0465678
0.0361798	0.0091884	0.00800852	0.0869041
0.0278745	0.0112154	0.00570848	0.0671828
0.0238767	0.0128478	0.00843893	0.0611129
0.0246073	0.013083	0.00243393	0.0824252
0.027082	0.0207901	0.00434159	0.0503246
0.0347543	0.0130793	0.0107528	0.0566345
0.0166312	0.015074	0.00746235	0.0661476
0.0339804	0.0158494	0.0162841	0.0604502
0.0151414	0.0136601	0.00614705	0.0708942
0.0267023	0.0261458	2.2318e-05	0.0953474
0.0317705	0.0181507	0.0106498	0.0398526
0.0148939	0.0144216	0.00286844	0.0518309
0.0159966	0.0274886	0.00189877	0.0870847
0.0162317	0.0148918	0.000981866	0.0865315
0.0205557	0.00459248	0.00781486	0.0514468
0.0155913	0.0173816	0.000730255	0.0728917
0.0170522	0.0142932	0.0109974	0.0572701
0.0221503	0.0241935	0.00639509	0.0806396
0.013221	0.0110821	0.0132281	0.078229
0.0170749	0.0207647	0.000796935	0.0897146
0.0346112	0.00719745	0.000960113	0.0630604
0.0259856	0.0148258	0.00189295	0.0450939
0.0132736	0.0168161	0.00156614	0.0799737
0.0257537	0.0196788	0.00300141	0.0513546
0.0455036	0.0248529	0.0129372	0.0832043
0.0211764	0.0122096	0.000602062	0.0892827
0.0285356	0.0120272	0.00566067	0.0564295
0.019099	0.0166925	5.44344e-06	0.0681043
0.0175299	0.0301423	0.0121982	0.0872969
0.0193299	0.0364068	0.00130901	0.0691557
0.0260961	0.0216421	0.00366311	0.0975638
0.0291035	0.0244319	0.00671617	0.0800479
0.0143257	0.0167004	0.00766733	0.0857033
0.0354007	0.0109404	0.00375419	0.0693615
0.0152546	0.016877	0.00456913	0.0811389
0.0329357	0.0271661	0.000924803	0.0461825
0.0218466	0.0134368	0.00499469	0.0786379
0.0221791	0.015878	0.00184217	0.101468
0.0223894	0.00795288	0.00872749	0.0475605
0.0288758	0.0140003	0.00445075	0.0922977
0.0240142	0.0182641	0.00348808	0.0951437
0.0234785	0.0109095	0.0026524	0.0436355
0.0171459	0.0223055	0.0061071	0.0917371
0.022563	0.0169104	0.000238016	0.0805202
0.0119006	0.0164412	0.00061785	0.0734933
0.00786158	0.0240282	0.00252658	0.0711981
0.00976841	0.00848555	0.00429514	0.055221
0.0139505	0.00439186	0.00125479	0.0777554
0.0342187	0.0284299	0.00331763	0.05557
0.0350707	0.0263627	0.000520832	0.0727872
0.0157279	0.0262945	0.00402782	0.0726158
0.0142828	0.025261	0.0019972	0.0468997
0.023105	0.0163744	0.00192067	0.0600202
0.0367804	0.0214238	0.00253836	0.066585
0.0249824	0.0143377	0.0162262	0.0836291
0.0379648	0.0339784	5.94531e-05	0.0599446
0.0107072	0.0184707	0.00216289	0.0855917
0.0162195	0.019259	0.00477466	0.0576437
0.0118198	0.0172823	0.00603116	0.0810578
0.0231356	0.0105016	0.00909249	0.0571259
0.00926529	0.0189581	0.00380913	0.0597906
0.0373699	0.0123846	0.00918369	0.0677713
0.0387025	0.0200246	0.00516023	0.0758954
0.0204913	0.00807571	0.00274294	0.0946741
0.0252743	0.0202356	0.00770133	0.0802257
0.0425467	0.0113775	0.00242039	0.115293
0.0131834	0.0133788	0.0118126	0.0399703
0.0196781	0.01758	0.000622133	0.0570434
0.0258832	0.00846934	0.00241911	0.0886464
0.0151039	0.0231396	0.00727696	0.0942148
0.0111559	0.00955603	0.000329299	0.0585995
0.0133382	0.00915953	0.000872225	0.0691794
0.0324378	0.019282	0.00187233	0.102728
0.0455118	0.0286253	0.00466757	0.0523906
0.017681	0.00669712	0.000858729	0.0610247
0.0169249	0.0189428	0.000988924	0.067786
0.017341	0.00787581	0.00864216	0.0522891
0.0226427	0.0149211	0.00127707	0.0747458
0.0130557	0.0273185	0.00183514	0.0766305
0.0358987	0.0177462	0.0015102	0.0836984
0.0191378	0.0323217	0.00103727	0.0794898
0.0239255	0.0150416	0.0034021	0.0848462
0.0198228	0.0278224	0.0132927	0.080252
0.0214495	0.0100304	0.0130405	0.0747893
0.0134916	0.0188302	0.00332929	0.0543915
0.0358115	0.0157965	0.00908523	0.0753415
0.0166985	0.012434	0.00017494	0.0582439
0.0311372	0.0140263	0.010545	0.0980884
0.0253266	0.0139455	0.0029237	0.0921133
0.0492536	0.0178774	0.00235375	0.0964148
0.00793677	0.00465369	0.00175321	0.0629785
0.016903	0.0235087	0.00670602	0.0604633
0.0115677	0.0177658	0.0192252	0.0728626
0.00997947	0.0285237	0.000388477	0.053437
0.0331516	0.0141233	0.00174508	0.0448991
0.00571099	0.0139588	0.010676	0.104854
0.0197681	0.0219073	0.00484914	0.069705
0.0162866	0.0132134	0.00571757	0.071215
0.0325968	0.0202434	0.00843589	0.0646992
0.0132502	0.0300926	0.00567676	0.109265
0.0170421	0.00383567	0.00130481	0.0649378
0.0208189	0.00686331	0.00185609	0.0479914
0.033408	0.0123443	0.00370287	0.0711471
0.0171294	0.00863072	0.0022607	0.0545248
0.0290063	0.0129587	0.000338591	0.0780369
0.012785	0.0148558	0.00330248	0.0837674
0.0119757	0.0128215	0.00903344	0.0682845
0.0141944	0.0315907	0.00653077	0.0512672
0.0193768	0.0255861	0.00583829	0.0601364
0.0449058	0.0119374	0.00452737	0.0832012
0.050656	0.00786299	0.00973953	0.0745821
0.0347169	0.0122344	0.00181549	0.0630046
0.0223987	0.0298198	0.00503074	0.0681024
0.0166463	0.0200366	0.0011952	0.0483398
0.0256602	0.00591272	0.000683886	0.0680146
0.0276253	0.0124316	0.000739864	0.0763916
0.0112377	0.0142542	0.00150709	0.0615025
0.0262017	0.0240216	0.000466569	0.0597932
0.0294752	0.0102871	0.00407377	0.0868286
0.0294277	0.0241588	0.0125933	0.0789908
0.0188746	0.0274565	0.00103454	0.0816826
0.00991448	0.00908208	0.00161983	0.0574355
0.0320231	0.011707	7.48596e-05	0.0827586
0.0277775	0.0205969	0.00505162	0.0789289
0.0160073	0.0242142	0.00525598	0.0628307
0.0158727	0.0127776	0.00513063	0.0495557
0.0144892	0.0274716	0.00328176	0.0455756
0.0370792	0.00901377	0.00691397	0.0956996
0.0214658	0.0120293	0.00373932	0.0501175
0.0221008	0.0152938	0.0029892	0.0739618
0.0158001	0.00754476	0.00494803	0.0746908
0.00854969	0.0292612	0.00360338	0.103605
0.014033	0.0208464	0.000964003	0.0590928
0.0247125	0.0122128	0.00502198	0.114862
0.0235401	0.0245773	0.00290286	0.0629635
0.0195916	0.015208	0.0141974	0.0642259
0.0116173	0.0174175	0.00343635	0.0666603
0.0219092	0.0183381	0.00257094	0.0782045
0.0215701	0.00981279	0.00155427	0.066199
0.0184598	0.0154211	0.000256603	0.0657334
0.0244787	0.0151194	0.0018229	0.0653736
0.0264861	0.023902	0.0158896	0.087152
0.0337322	0.0271019	0.00790288	0.0721171
0.020943	0.0220804	0.0021718	0.0547482
0.024965	0.0135945	0.00893381	0.0896621
0.030395	0.0087879	0.000609505	0.107897
0.0116858	0.00633289	0.00193088	0.067172
0.0211765	0.0267363	0.00161972	0.0767368
0.0150823	0.00798897	0.000430902	0.0713158
0.0195864	0.0161027	0.000513496	0.0673251
0.0215238	0.0258897	0.00899464	0.113056
0.0179955	0.0120591	0.000672893	0.0813334
0.0501862	0.00505074	0.000287617	0.0716452
0.0219803	0.0193126	0.0013082	0.0699778
0.0186614	0.0211155	3.39282e-05	0.069809
0.0223717	0.0158406	0.000351447	0.0962733
0.021048	0.0162278	0.000955033	0.0840405
0.0232389	0.0337731	0.0141981	0.0507471
0.0254391	0.0205548	0.00770679	0.0648103
0.00753379	0.0339208	0.021989	0.0674983
0.0108542	0.0281038	0.00692317	0.107118
0.0199261	0.0156854	0.00450228	0.0941705
0.0230558	0.0101701	0.00904751	0.0870849
0.0329853	0.0129298	0.00251567	0.0709668
0.0246754	0.0248917	0.00419453	0.0508978
0.0238689	0.0114982	0.00634298	0.103039
0.0361419	0.0106788	0.0253866	0.0831388
0.0383797	0.0144664	0.00260292	0.0712745
0.020816	0.0179101	0.00486642	0.0690925
0.0129119	0.0193095	0.0133811	0.0669365
0.0150338	0.0235738	0.000728586	0.0951972
0.0443914	0.0188201	3.99121e-05	0.0727932
0.0346166	0.00705899	0.00573764	0.0657462
0.0205441	0.00471402	0.00225164	0.0751847
0.0211926	0.0122336	0.00053219	0.059209
0.0324642	0.00501033	0.0136134	0.0614153
0.0250625	0.0129548	0.00249334	0.0506939
0.0279801	0.0126619	0.00177735	0.054899
0.0202317	0.0178442	0.0121808	0.081041
0.0379067	0.00807725	0.0181716	0.0558445
0.0193109	0.0426149	0.00571476	0.0643647
0.0262526	0.0198574	0.00747491	0.107827
0.0193259	0.0127204	0.00489474	0.0683274
0.0134266	0.00855537	0.00113359	0.0458435
0.0218357	0.00461154	0.00225447	0.0567949
0.0317907	0.0136482	0.00368621	0.0552877
0.0198865	0.015456	0.00747693	0.0919459
0.0279388	0.00731357	0.0064868	0.0590579
0.0149487	0.0259199	0.00169696	0.0978513
0.0246603	0.0192729	0.00294216	0.0697594
0.0205755	0.010826	0.00228185	0.0435821
0.0239731	0.0188797	0.0011453	0.0678911
0.0212787	0.0196572	0.00219455	0.0498227
0.0132735	0.0214267	0.00382224	0.0684066
0.0367462	0.0233775	0.000310937	0.0654785
0.0235769	0.021853	0.00100672	0.0637716
0.0112204	0.0204785	0.0146039	0.0536249
0.0161884	0.0114259	0.00451282	0.0567062
0.0384854	0.0219259	0.00515607	0.0681523
0.0189649	0.01792	0.000565328	0.0666789
0.0243611	0.0170288	0.00610873	0.0481127
0.0347971	0.0360538	0.000420661	0.0440924
0.0219676	0.0255392	0.00357134	0.0715899
0.020783	0.0162352	0.00485614	0.0685551
0.0159459	0.00369612	0.0116459	0.0698438
0.0495062	0.0130657	0.00322756	0.0935842
0.0339715	0.0222903	0.00798978	0.0732964
0.0290589	0.00751513	0.0180906	0.0812088
0.0309239	0.00698629	0.0022695	0.101093
0.0296163	0.0128731	0.00136322	0.0866595
0.0459791	0.0100929	0.00202649	0.0445879
0.0249091	0.0420043	0.00264879	0.0876164
0.0247162	0.0181847	0.000614328	0.0771794
0.0238283	0.0203012	0.00340625	0.0747727
0.0271113	0.012509	0.00775736	0.102996
0.0236879	0.0143473	0.00152126	0.0635312
0.0201112	0.0240669	0.0126514	0.054375
0.0444251	0.0320276	0.00407174	0.0773749
0.0161424	0.0237037	0.0059347	0.0740792
0.01927	0.0250239	0.00960163	0.0678847
0.0149438	0.00997563	0.00333048	0.0647223
0.02305	0.0230643	0.000357108	0.0776709
0.0122263	0.0116322	0.000714658	0.0695275
0.00576533	0.0267908	0.00148184	0.0337426
0.0330385	0.0119117	0.00694498	0.10662
0.00805845	0.0257858	0.000568995	0.090832
0.0197357	0.00777053	0.00188064	0.060613
0.0262143	0.00947764	0.00947603	0.0978477
0.0168028	0.0156601	0.00224073	0.0621849
0.0138632	0.0150519	0.0058666	0.0462275
0.0291448	0.00881995	0.00149601	0.111011
0.0142002	0.0183612	0.00108164	0.0561575
0.0120991	0.0192693	0.000231792	0.0916062
0.0227602	0.021697	0.00609855	0.0587793
0.0429873	0.035499	0.00370277	0.0769244
0.0260393	0.0138922	0.00758688	0.0584123
0.0384092	0.0173019	0.00140953	0.0859573
0.0143815	0.0293063	0.00065541	0.0945806
0.0213918	0.00768809	0.00146704	0.040164
0.042244	0.0218775	0.00710736	0.0805274
0.0351501	0.0411129	0.00222633	0.0687659
0.0324724	0.0243778	0.000386251	0.0639852
0.0351101	0.0237867	0.00487882	0.0626116
0.019916	0.0208968	0.00933366	0.0736551
0.019607	0.0215366	0.00108247	0.0686207
0.0191688	0.0100067	0.00987631	0.0795243
0.02565	0.0125127	0.0204083	0.0483283
0.0193196	0.0213443	0.000329329	0.107727
0.0187588	0.0153553	0.0143165	0.0585048
0.0157767	0.0214749	0.00114159	0.0739148
0.00478966	0.0203863	0.000494352	0.0596436
0.012349	0.00895264	0.001274	0.0590519
0.0133655	0.0195351	0.00462646	0.067052
0.0369215	0.00584865	0.000253217	0.0627008
0.0347681	0.0272897	0.000878603	0.075934
0.033397	0.0303097	0.00728963	0.058114
0.0431783	0.0302164	0.00190327	0.0658791
0.0264945	0.0227003	0.00806621	0.0992431
0.0213871	0.0160217	0.00361583	0.0642543
0.0357709	0.00567003	0.000170412	0.0695385
0.0283455	0.030073	0.00036361	0.076441
0.0217454	0.0139363	0.00226623	0.077372
0.0222094	0.0239464	0.00350994	0.0500824
0.0203138	0.0169524	7.42961e-05	0.0917647
0.0254896	0.0144217	0.00334812	0.0668758
0.0253232	0.00632361	0.00103767	0.0703323
0.018642	0.00886913	0.00171816	0.0696039
0.0260623	0.015293	0.000326539	0.0824367
0.0202035	0.0112432	0.00368543	0.072648
0.0408047	0.0114571	0.00544912	0.0572114
0.0218068	0.0111278	0.00178751	0.0567415
0.0213817	0.00305825	0.000979967	0.0883771
0.0313062	0.00933661	0.00525787	0.0520288
0.0272696	0.0320851	0.00364994	0.0653682
0.0328075	0.0116662	0.00199646	0.0674653
0.0239459	0.0186294	0.00667765	0.0694523
0.025202	0.0209189	0.00269275	0.0882036
0.0331118	0.0209746	0.00168697	0.0689026
0.0288019	0.00934172	0.0101666	0.0968465
0.0229224	0.0195689	0.00576812	0.0927496
0.0147114	0.0233483	0.00657948	0.0750243
0.0544022	0.0147177	0.0043213	0.0892735
0.0258694	0.0046632	0.00234718	0.0750804
0.0287237	0.0195781	0.0167304	0.0443189
0.0412255	0.0177455	0.0022455	0.0818059
0.0100264	0.0067103	0.0137318	0.0679433
0.0335668	0.0146593	0.00901248	0.0587558
0.0215439	0.0168977	0.000349708	0.0833749
0.030619	0.0137446	0.00453305	0.10253
0.0154238	0.0275854	0.002586	0.0771991
0.0274697	0.0106985	0.00299577	0.0919949
0.0316112	0.00978316	0.0022732	0.102857
0.0138117	0.0127961	0.0010235	0.0823763
0.0175424	0.0213726	0.00159828	0.0938738
0.0460582	0.0254413	0.00551437	0.080931
0.0283567	0.0083035	0.000578068	0.0947035
0.048928	0.0199774	0.00131172	0.0665263
0.0120383	0.0126406	0.000237044	0.0690109
0.0237382	0.0165209	0.00129992	0.0952028
0.013966	0.0110315	0.00241485	0.0724308
0.0221188	0.00576612	0.0106948	0.0521965
0.0223423	0.0218696	0.00628082	0.0744398
0.0238862	0.0276352	0.00556503	0.0952017
0.0248603	0.0223626	0.00145116	0.0778673
0.0272151	0.0270307	0.00185849	0.0840586
0.0261822	0.0188862	0.00445488	0.0844645
0.0115408	0.0047656	0.00131981	0.0593899
0.0315893	0.0100877	0.014128	0.051925
0.02244	0.0193303	6.7241e-06	0.0769532
0.0294119	0.0229367	0.00301569	0.0875484
0.0241986	0.0163743	0.00172065	0.085679
0.0136356	0.0217759	0.0018127	0.0877267
0.0140624	0.0267445	0.0109905	0.0939404
0.0227586	0.0165461	0.00592034	0.0658431
0.0359366	0.0109986	0.00211242	0.0673645
0.0197826	0.0338423	0.00163239	0.0810821
0.0113237	0.0215765	0.000537006	0.0733654
0.0200601	0.0143265	0.00396589	0.0668223
0.028177	0.0208499	0.00190717	0.0449088
0.0162709	0.0180483	0.0147025	0.0598337
0.00986427	0.0231659	0.000948417	0.0645025
0.0221899	0.0252546	0.00737936	0.0474686
0.0215131	0.00882918	0.00254592	0.0586361
0.02879	0.00208806	0.0208077	0.064953
0.019349	0.0148872	0.00429127	0.0540523
0.0161499	0.00642936	0.00482213	0.0905921
0.00897052	0.0140683	0.00709896	0.0430044
0.0284647	0.0214056	0.000721267	0.109009
0.0424771	0.0266942	0.00490119	0.0805627
0.0353555	0.0103397	0.000532179	0.0784433
0.0238491	0.0303425	0.000189143	0.0474978
0.0302919	0.0202531	0.000886413	0.0565865
0.0368871	0.0170923	1.33966e-05	0.0677003
0.00649728	0.023907	0.0101929	0.0609762
0.032575	0.0108082	0.00309729	0.0902491
0.0288104	0.01726	0.00719746	0.066267
0.0198908	0.0165718	0.0029676	0.0826578
0.0190733	0.00930058	0.00352686	0.0604838
0.0129917	0.0173938	0.000520134	0.0694082
0.0146775	0.0209228	0.000924652	0.049989
0.0203956	0.0263245	0.00463913	0.0804903
0.0161039	0.00687065	0.00169173	0.0619012
0.0183733	0.0273678	0.00753809	0.112869
0.0167087	0.0114279	0.000559546	0.0718597
0.0154795	0.0139366	0.00449788	0.0700549
0.0212524	0.0124717	0.00112328	0.0366078
0.0230137	0.00861339	0.00789019	0.107541
0.0318643	0.012397	0.00162361	0.0532667
0.0201816	0.0154072	0.00162898	0.0937607
0.00904611	0.0165008	0.000723855	0.0678535
