0.5	0	0	17.6961
0.0146645	0.0183658	0.00185844	0.0637037
0.0175362	0.00830502	0.0140409	0.0861981
0.0275337	0.0247549	0.00411753	0.0751821
0.0235628	0.0145304	0.00477332	0.0482226
0.0114749	0.0562084	0.00435854	0.0381748
0.0224387	0.0157971	0.010657	0.10357
0.0514015	0.0141257	0.0147034	0.0702882
0.0323544	0.0192866	0.000628492	0.0749463
0.0222222	0.0205939	0.00201043	0.0414664
0.037522	0.0367784	0.00225951	0.0586676
0.0272547	0.0246955	0.00568081	0.07475
0.0363219	0.0169762	0.00349611	0.0513473
0.0245452	0.0418704	0.00445754	0.0778017
0.0344301	0.0324567	0.000579129	0.0778601
0.0408908	0.0184105	0.000906561	0.075666
0.0352376	0.0257687	0.00609273	0.0638364
0.0469018	0.0142829	0.00603466	0.0832403
0.0310365	0.0200748	0.00326321	0.096932
0.0304149	0.0191287	0.000921531	0.0699529
0.0208098	0.0166122	0.0111303	0.0446019
0.0465892	0.0145743	0.00186426	0.0520935
0.0232911	0.0324085	0.00276795	0.101621
0.0159383	0.00914443	0.00162013	0.0585291
0.0224164	0.0145951	0.000657161	0.07411
0.03964	0.0200492	0.0160351	0.0516766
0.035824	0.0179212	0.00295975	0.0586142
0.027841	0.0188195	0.0102623	0.0849706
0.0253098	0.0444699	0.00105351	0.0713975
0.0153979	0.0178076	0.00548708	0.0818284
0.0347785	0.0127397	0.00490509	0.0626847
0.0569609	0.0345465	0.00220033	0.05196
0.0447646	0.0266104	0.00212835	0.0757698
0.0579239	0.0401094	0.00154251	0.0755497
0.0248854	0.0103528	0.00142039	0.0737802
0.0607544	0.0232908	0.00529899	0.0671074
0.0344451	0.0144517	0.00106428	0.0463547
0.0315401	0.0234613	0.00347603	0.0715839
0.0436965	0.0145211	0.00126353	0.0505411
0.0207439	0.021631	0.0037096	0.0753207
0.0365718	0.0281885	0.00277219	0.0865283
0.0193124	0.0218244	0.0013472	0.10028
0.0176727	0.011253	0.00293752	0.0814563
0.024593	0.016076	0.016926	0.0839351
0.043671	0.0346991	0.00183683	0.0582395
0.0204073	0.0366026	0.00512235	0.0397356
0.0412003	0.0145114	0.01012	0.102393
0.0270182	0.0181677	0.0100745	0.0585265
0.0304712	0.0541648	0.00169917	0.0556034
0.0290897	0.0330167	0.000560128	0.0659788
0.0255024	0.0208736	0.0046263	0.0607404
0.0390466	0.015547	0.00215924	0.0619001
0.03254	0.0140235	0.0012275	0.0999098
0.0302415	0.0215415	0.00248301	0.0703542
0.0325488	0.03777	0.00513943	0.0597647
0.0323713	0.0314329	0.00949986	0.0618052
0.0359436	0.0283746	0.00133491	0.0684933
0.0518427	0.0298748	0.00197456	0.0459547
0.0498637	0.0228047	0.000548594	0.0911791
0.0400108	0.0137054	0.000477635	0.0736681
0.0317652	0.0246903	0.00167295	0.0778019
0.0353407	0.0286336	0.0102478	0.0760284
0.0317743	0.0384603	0.00172531	0.0763299
0.0191046	0.0347079	0.000468318	0.0922925
0.0252316	0.027711	0.00279486	0.0663659
0.0329263	0.0214335	0.00103258	0.0680058
0.0167255	0.0104919	0.00118757	0.0631975
0.0219668	0.0233577	0.000116466	0.0879002
0.0308016	0.0176606	0.00154401	0.0528429
0.0248613	0.0389577	0.00305524	0.0691562
0.0243294	0.017705	0.000154044	0.0738809
0.0315273	0.0254576	0.000356213	0.052564
0.0369974	0.0114269	0.00516263	0.084069
0.0115163	0.0209554	0.00192807	0.0806107
0.0206801	0.0100315	0.00100069	0.0749791
0.0508103	0.0171064	0.000407759	0.0705806
0.0437687	0.0162587	0.00137997	0.0643611
0.023689	0.0391905	0.00614712	0.0832464
0.0383649	0.0079435	0.00685059	0.0668815
0.0511563	0.022353	0.00184203	0.0743888
0.0296365	0.0218348	0.00112072	0.100599
0.0256767	0.0339762	0.000460889	0.0782103
0.0299565	0.0306218	0.00909603	0.0872412
0.0152695	0.0131161	0.00551394	0.0664959
0.0188922	0.0150373	0.00223958	0.0541477
0.0514055	0.0400066	0.00237129	0.0606724
0.0244755	0.00978587	0.00509409	0.052768
0.0626119	0.00845185	0.00191254	0.0516903
0.0253679	0.017278	0.000841543	0.126193
0.0325365	0.0211583	0.00443082	0.0629736
0.0433392	0.0315755	0.000789703	0.091145
0.0170451	0.0341289	0.00258294	0.067231
0.0327211	0.0486379	0.0209005	0.0571682
0.0140231	0.0459356	0.00133381	0.0643931
0.0462899	0.0261344	0.00323644	0.0850204
0.0493601	0.0325812	0.0100869	0.0796282
0.0278102	0.0231062	0.00116912	0.106526
0.0330708	0.0243193	9.44716e-05	0.0765835
0.0283227	0.0175185	0.00671224	0.0818012
0.03597	0.0159427	0.000561451	0.0586759
0.0330324	0.0169666	0.00738614	0.0919723
0.0312492	0.0189452	0.00141452	0.0500153
0.0322776	0.0399694	0.00765753	0.0451062
0.0408211	0.0269606	0.00524758	0.071601
0.0362076	0.0540787	0.00374515	0.0616308
0.0164069	0.0269067	0.00453927	0.0618159
0.0364613	0.0252891	0.00329796	0.100608
0.035032	0.0248334	0.0162837	0.0527494
0.0501822	0.0253244	0.00959101	0.0815309
0.0207378	0.0184742	0.00225174	0.0678837
0.0447373	0.0355979	0.00794791	0.0983964
0.0183707	0.00996339	0.00481655	0.0837274
0.0508773	0.0319907	0.000383088	0.0698163
0.0356504	0.0171859	0.000489017	0.0623865
0.0544849	0.0173808	0.00484409	0.0451478
0.0360901	0.0250926	0.0082935	0.0814517
0.0291323	0.0127502	0.00325712	0.0506876
0.0244011	0.0190868	0.00538307	0.0772191
0.0145058	0.0194991	0.00497285	0.0865689
0.0298697	0.044768	0.0122632	0.0852072
0.0245697	0.0168379	0.00106496	0.0751068
0.0373829	0.02948	0.00560443	0.0606774
0.0375236	0.030685	0.000899478	0.0938347
0.0268174	0.0138471	0.00186155	0.0623672
0.0193155	0.0150498	0.0043862	0.0545424
0.0230566	0.0144635	0.0070442	0.085343
0.0293741	0.0152867	0.0025553	0.0507965
0.0377732	0.015788	0.00579971	0.108715
0.0399988	0.0181632	0.00455904	0.0746231
0.0264198	0.0290724	0.0014357	0.0485075
0.0170876	0.0317669	0.00500672	0.0613229
0.0267199	0.0305401	0.00856522	0.0546897
0.0180106	0.0272944	0.00934596	0.0491105
0.0219987	0.0290957	0.00325265	0.080464
0.0189021	0.0123164	3.66541e-05	0.0824514
0.0309783	0.00977396	0.000658165	0.0550161
0.0482052	0.0180327	0.001875	0.0617709
0.0324604	0.0112627	0.0102284	0.0655488
0.0403505	0.0230486	0.000503267	0.0757593
0.037706	0.0222526	0.00335515	0.0944047
0.0331762	0.024996	0.00729152	0.0688475
0.0309617	0.0246655	0.00303442	0.103646
0.0288664	0.041325	7.94959e-05	0.0671511
0.0420955	0.0228847	0.00190835	0.070248
0.0406295	0.0145344	0.00658442	0.0944339
0.0426177	0.0140684	0.000782456	0.0625938
0.0301011	0.0179841	0.000132941	0.0726496
0.0372245	0.0105484	0.00120004	0.0950617
0.0179186	0.0163573	0.00471587	0.0842664
0.0330588	0.034838	0.00578292	0.10862
0.0370868	0.0105723	0.00500354	0.0532337
0.0206218	0.0263346	0.00307817	0.096944
0.0410871	0.0233191	0.00162847	0.0604928
0.0241076	0.0207517	0.00161266	0.0641927
0.0430607	0.0128895	0.0030314	0.0596709
0.0461725	0.0177317	0.0034361	0.084199
0.0248398	0.021819	0.00362619	0.0814823
0.0331064	0.0305658	0.00168415	0.0714039
0.0360873	0.0214139	7.4422e-05	0.0686955
0.0349713	0.00884069	0.00412641	0.0756975
0.0165489	0.0187811	4.73781e-06	0.0935975
0.0276895	0.0305712	0.00731916	0.042458
0.0342104	0.0258105	0.00783493	0.0643663
0.0311899	0.0129552	0.00072703	0.0760674
0.0347887	0.0482304	0.00617439	0.0852274
0.031429	0.02371	0.00401186	0.0557049
0.0286687	0.0165568	0.00771125	0.0802804
0.0318644	0.0114618	0.0011866	0.0659247
0.025041	0.035805	0.0102007	0.0628305
0.022334	0.029715	0.00411298	0.0716083
0.0328402	0.029191	0.00238054	0.0574478
0.0408704	0.0135085	0.00144419	0.0621421
0.0490944	0.0196843	0.00228033	0.0728243
0.0455295	0.0482704	0.0273412	0.0816509
0.0302817	0.0194903	0.0170074	0.0798293
0.0241937	0.0167381	0.00343343	0.0749626
0.0444154	0.0224795	0.0108044	0.0360679
0.0257577	0.0228983	0.00157679	0.0623811
0.0233715	0.0234925	0.00215641	0.0543798
0.0263373	0.0199626	0.00695959	0.0493857
0.0241158	0.0171314	0.00135859	0.0577047
0.0188065	0.0249473	0.000401361	0.0626157
0.0310195	0.0204062	0.000708885	0.0696081
0.0384655	0.0440775	0.00166821	0.0440443
0.0200013	0.00692823	0.00187632	0.0444403
0.018894	0.0153077	0.00193459	0.0552823
0.0272758	0.0264827	0.000671536	0.0668158
0.0501337	0.028966	0.00582041	0.0655595
0.0160406	0.0188326	0.00766319	0.0785351
0.0219317	0.0101184	0.00264854	0.0604107
0.0316934	0.0204753	0.000502502	0.0798281
0.022004	0.0294856	0.00277527	0.0806582
0.0137248	0.0294941	0.00133128	0.068089
0.0214241	0.0205777	0.00515657	0.0619886
0.0253581	0.024184	0.00327231	0.0612209
0.0249345	0.0180569	0.000971178	0.071253
0.012308	0.0276248	0.00389749	0.0786981
0.0281985	0.0262426	0.00518394	0.0943958
0.0143399	0.011695	0.000813079	0.0684507
0.032824	0.0310206	0.00503464	0.0779571
0.0195417	0.0250696	0.00462047	0.0699736
0.0331672	0.0116841	0.000137525	0.0569243
0.0240757	0.0250677	0.00106681	0.0653798
0.0649347	0.010804	0.00387109	0.0650721
0.0242017	0.0218809	0.000694771	0.0777327
0.0445448	0.00730286	0.00628017	0.0785676
0.021555	0.0168855	0.00624614	0.0821285
0.0208691	0.0217567	0.0047802	0.0619014
0.0418014	0.0277402	8.95083e-05	0.0804472
0.0246088	0.0375354	0.0161033	0.0711233
0.0242838	0.0188953	0.00202337	0.0727217
0.019025	0.0216029	0.00608489	0.0828588
0.0481949	0.0263971	0.00526006	0.049075
0.0877863	0.00897482	0.00258323	0.0573919
0.0339372	0.0266864	0.00136689	0.111496
0.0203075	0.0234778	0.0123259	0.0521905
0.0450435	0.0169556	0.00226244	0.0587133
0.0245257	0.0200335	0.00291857	0.0931881
0.0297387	0.0135403	0.000253926	0.0735476
0.0221702	0.0126637	0.000848269	0.0710319
0.0280723	0.0311816	0.00370165	0.0867734
0.0374682	0.0152047	0.00479487	0.0640085
0.026599	0.0328836	0.0034891	0.100121
0.0197409	0.0380157	0.00473935	0.0754314
0.0537656	0.0292166	0.00808774	0.0649581
0.0160275	0.0304217	0.000754081	0.0755434
0.0404263	0.0202594	0.00577871	0.078836
0.0157892	0.0199639	0.000270535	0.0888025
0.0338921	0.0283905	0.000274618	0.0993783
0.0468952	0.0185109	0.00390236	0.0551526
0.0124106	0.0251272	0.000247815	0.120121
0.0194657	0.0226282	0.00859652	0.0607036
0.0202936	0.0291506	0.00687823	0.0620599
0.0133322	0.02288	0.00218151	0.0832329
0.0297554	0.022967	0.00453538	0.0663481
0.0160136	0.0206462	0.00206874	0.0754901
0.0400259	0.0229428	0.0030596	0.0692721
0.0188867	0.0243566	0.000688747	0.0611233
0.0386923	0.0184019	0.00239449	0.108246
0.0399866	0.0204599	0.0031675	0.079889
0.0689415	0.0175371	0.0136259	0.0710004
0.0316419	0.016383	0.00244902	0.0642656
0.0303053	0.0164948	0.000592085	0.0661211
0.0373399	0.0141718	0.000148946	0.0852971
0.0378483	0.0188484	0.0111231	0.0554159
0.0240052	0.0266935	0.00733072	0.0561174
0.0339523	0.0354859	0.000805203	0.0811091
0.0349231	0.0247843	0.00926255	0.0532881
0.0395904	0.0301682	0.00560499	0.0684361
0.0196207	0.0147186	0.000620382	0.0786527
0.0142092	0.0282393	0.00195182	0.0555283
0.0221564	0.0180888	0.0283298	0.0727076
0.0212877	0.0350292	0.00131199	0.0709308
0.0380772	0.0216893	0.000623103	0.0462944
0.0272476	0.012266	0.00176522	0.0734474
0.0200799	0.00705038	0.00862856	0.0521784
0.0322953	0.0255241	0.000628485	0.0713012
0.0597066	0.0208552	0.00987127	0.0567884
0.0219744	0.0107996	0.00660845	0.108844
0.0288874	0.0133806	0.001255	0.0936375
0.040041	0.0224114	0.000569112	0.0560934
0.0277415	0.0143508	0.00578677	0.0441542
0.0210086	0.0227756	0.00566044	0.046024
0.0214871	0.0222747	3.65675e-05	0.0835556
0.0536818	0.0298763	0.00676203	0.0472328
0.0193218	0.0333781	0.00255169	0.068809
0.0489051	0.0188072	0.00262765	0.0866603
0.0136682	0.0247258	0.000710708	0.0812323
0.0481884	0.0130157	0.00677741	0.0498536
0.024363	0.0414828	0.00243006	0.0665201
0.0421872	0.033948	0.00360645	0.0496142
0.0357199	0.0161575	0.00385611	0.0548067
0.0319125	0.0261198	0.00490746	0.087343
0.0361155	0.0163474	0.0137558	0.0411474
0.048244	0.0291893	0.00309145	0.0688598
0.0198724	0.0236376	0.00119809	0.0788929
0.0316182	0.0166758	0.00113914	0.0644874
0.0381684	0.0193154	0.00297689	0.0511842
0.0487309	0.0180599	0.00546376	0.0669014
0.0194253	0.0177677	0.00743696	0.0911226
0.0283228	0.0330198	0.00210539	0.0548499
0.0379413	0.0185672	0.00662646	0.0627697
0.0188328	0.0285494	0.023322	0.0730182
0.0399523	0.025321	0.00138817	0.0789851
0.0532391	0.0223789	0.00329889	0.0854812
0.00810453	0.0188667	0.00407166	0.0712597
0.0276054	0.0245133	0.0044029	0.0887399
0.0373547	0.0187954	0.00143414	0.0715896
0.0361249	0.0200421	0.00327094	0.0975899
0.0381575	0.0255127	0.00210495	0.0541978
0.0209285	0.0214314	0.00326864	0.069118
0.0159021	0.0136776	0.00207825	0.0704918
0.0481196	0.023885	0.0007649	0.0796616
0.0390518	0.0246064	0.00749386	0.0941601
0.0357624	0.0210147	0.00423951	0.0476958
0.0388731	0.0265519	0.00905413	0.0741461
0.0242975	0.022999	0.00659791	0.0609347
0.0343257	0.0299428	0.000631174	0.0656764
0.0243693	0.0311059	0.00367591	0.0594885
0.0204561	0.0228127	0.00361195	0.0608243
0.0478238	0.0252295	0.00040751	0.0487048
0.0430719	0.0282578	0.00271851	0.0738569
0.0274083	0.0242698	0.000131761	0.102816
0.0378468	0.0251451	0.00155133	0.0556109
0.043712	0.0358144	0.00111824	0.0807751
0.0365482	0.0523874	9.82836e-05	0.0590287
0.0244986	0.0140363	0.00498703	0.0584209
0.0308011	0.0264622	0.000338065	0.0879061
0.0254441	0.0130665	0.00729851	0.0604136
0.0256237	0.0464738	0.00968383	0.0862602
0.0447215	0.0163154	0.00253358	0.0454261
0.046029	0.0250411	0.00228026	0.0821252
0.0332387	0.0224761	0.00615275	0.0634439
0.0186788	0.0100352	0.00141943	0.0719069
0.0264356	0.0250566	0.00563944	0.100212
0.0346883	0.0201652	0.00413223	0.0682871
0.0294277	0.0207405	0.00193732	0.0835658
0.0218483	0.050636	0.0014828	0.0770199
0.0295004	0.0182539	0.00572284	0.04102
0.0199244	0.0304759	0.00594119	0.087892
0.0485633	0.0312065	0.00242595	0.0683635
0.0123159	0.00994354	0.000316648	0.0548772
0.0175522	0.0147824	0.00353584	0.0367259
0.0166651	0.0134163	0.0018286	0.0659533
0.0149734	0.0319558	0.00332492	0.0579244
0.0411238	0.0191847	0.00157368	0.0915533
0.0554149	0.0467091	0.00303414	0.0491905
0.0376873	0.0131611	0.0101548	0.0909531
0.0235931	0.0325673	7.735e-05	0.0675996
0.0447049	0.0257315	0.000598704	0.0786128
0.0402963	0.032631	0.00393366	0.0626904
0.02918	0.011866	0.0135344	0.0620945
0.0278228	0.0207535	0.00415856	0.0646998
0.0251338	0.0175553	0.00271723	0.0637581
0.0306244	0.017363	0.00054104	0.0756589
0.0375648	0.0203203	1.50783e-05	0.069719
0.0499437	0.012512	0.000953076	0.0580496
0.0234182	0.0364309	0.0043765	0.051824
0.0361603	0.0150418	0.00126803	0.0821676
0.0293412	0.0325715	0.00514239	0.0714245
0.0506571	0.0269662	0.00125175	0.0739801
0.025905	0.0191911	0.00774506	0.0570058
0.042711	0.0138217	0.00360291	0.0465279
0.0359949	0.00976791	0.00557522	0.0817814
0.0323216	0.0401872	0.000113118	0.0709342
0.0253124	0.0340859	0.000785813	0.0767914
0.0192276	0.0137702	0.000877568	0.091912
0.014528	0.0162247	4.79647e-05	0.0637807
0.0301	0.0220833	0.00349355	0.0787043
0.027472	0.0427429	0.00264346	0.0970889
0.0254417	0.0223376	0.000167698	0.0434675
0.0353481	0.0251738	0.00873337	0.107884
0.0197886	0.0406111	0.00439434	0.0720583
0.030015	0.0254755	0.00576225	0.0536187
0.0400494	0.00598262	0.00534034	0.11184
0.0318693	0.0202127	0.00301701	0.0695652
0.0727443	0.0165017	0.00599877	0.0543062
0.0358482	0.023406	0.00799699	0.0606569
0.038322	0.0457856	0.000141634	0.105086
0.0631952	0.0194326	0.00126253	0.0625896
0.0471054	0.0308241	0.000504124	0.0641172
0.0176084	0.0292673	0.00411366	0.0773329
0.0445649	0.00900565	0.00543193	0.0742689
0.0255144	0.0434248	0.000487339	0.0936055
0.0273194	0.0297959	0.00987698	0.0908043
0.0330859	0.0433895	0.00629127	0.044285
0.0248546	0.0220512	0.0121534	0.066797
0.0397297	0.0161389	0.00224687	0.0689154
0.0368908	0.00644495	0.00616645	0.0580194
0.0190514	0.00913825	0.00133205	0.0685456
0.0362107	0.0252418	0.00646239	0.0717406
0.030996	0.0389631	0.0164912	0.0574414
0.0474019	0.0140606	0.0101649	0.0839009
0.0224527	0.0214034	0.0056752	0.0670631
0.0385426	0.0129541	0.00211974	0.0615843
0.0226842	0.0336994	0.00460196	0.0600602
0.0294631	0.0206669	0.00171785	0.0808092
0.0339017	0.032919	0.00164863	0.0581192
0.0389717	0.0226449	0.00197854	0.0589753
0.0441552	0.038245	0.000380857	0.0811571
0.0255869	0.0204941	0.00271426	0.0905548
0.0324508	0.02838	0.00498866	0.0601941
0.0367339	0.0226183	0.00236388	0.0789904
0.0433233	0.0225282	0.000759731	0.0608549
0.0123899	0.0108894	0.00214661	0.105014
0.0243661	0.0305078	0.0044083	0.0714418
0.0232245	0.0352741	0.0166904	0.0575666
0.0273138	0.047896	0.00326366	0.058771
0.037305	0.0174958	0.00240325	0.0730358
0.041102	0.0195458	5.66687e-05	0.0733634
0.0246109	0.0214212	0.00154119	0.0465808
0.0459595	0.0180937	0.00284315	0.060205
0.024282	0.0287748	0.00430584	0.0731479
0.038536	0.0193854	0.000836229	0.0725927
0.0389952	0.0166525	0.00240244	0.0557288
0.0384949	0.0206387	0.00267602	0.0468337
0.0291067	0.0296864	0.00311494	0.111244
0.0324598	0.0301647	0.00330721	0.0819516
0.0309208	0.0335681	0.0037936	0.0717871
0.0226051	0.017885	0.00749617	0.0748781
0.0395028	0.0306079	0.00147625	0.0869785
0.0276554	0.0287157	0.0010008	0.0494111
0.0174878	0.0143313	0.00240542	0.0732457
0.0322194	0.0207159	0.000279752	0.0778524
0.0356033	0.0172257	0.0013357	0.0732948
0.0383544	0.0300723	0.00344832	0.0811708
0.0546264	0.0151427	0.00363489	0.0626405
0.0417117	0.0295704	0.000683712	0.0753257
0.0252015	0.0355825	0.0223877	0.0737801
0.0177472	0.0232684	0.00606579	0.0558422
0.0638861	0.0101299	0.00293329	0.0842627
0.0218092	0.0286712	0.000862335	0.0422839
0.02768	0.0393039	0.00030791	0.0974735
0.0455029	0.0298547	0.000466103	0.0974386
0.0132788	0.0300576	0.00973569	0.0703852
0.0287876	0.0274919	0.0075522	0.0773311
0.0321756	0.0164747	0.0111689	0.0313163
0.0312632	0.024484	6.35872e-05	0.11271
0.0327705	0.0263478	0.00148717	0.0682352
0.0224345	0.0320102	0.000535797	0.0631481
0.0252203	0.028719	0.000768905	0.0670904
0.0216603	0.0313431	0.00240361	0.0658054
0.0310303	0.0381638	0.0094043	0.0545365
0.017372	0.0203128	0.00107759	0.0561207
0.0276396	0.0360049	0.000652545	0.0742395
0.021324	0.0252112	0.0158448	0.0544591
0.0240719	0.0372504	0.000154329	0.0703459
0.0185823	0.010546	0.00535968	0.108302
0.0218592	0.00828681	0.00157398	0.0695141
0.0629681	0.0156632	0.00242122	0.0715098
0.0358389	0.0244061	0.00250038	0.075891
0.0240521	0.0301389	0.00575952	0.092491
0.0274528	0.0303766	0.00289718	0.0639265
0.0251307	0.0303221	0.00506659	0.0494164
0.0377907	0.0179746	0.00177047	0.0622548
0.0183912	0.0330848	0.00748569	0.0341907
0.024022	0.011312	0.000284175	0.0662559
0.0368438	0.0168476	0.00493863	0.0592363
0.0354708	0.021667	0.00293238	0.0818743
0.0167936	0.0196606	0.00598421	0.0969504
0.0491442	0.0214108	0.0208471	0.0656799
0.0738496	0.0181901	0.00374595	0.0755954
0.0358606	0.0237804	0.00954825	0.0967505
0.0264567	0.0172546	0.00122708	0.0690978
0.0367599	0.0226483	0.00452225	0.0758864
0.0249639	0.0380069	0.0059802	0.0565342
0.0439722	0.0241272	0.00260177	0.0575652
0.0339651	0.0235965	0.00483986	0.0935998
0.0373114	0.0198365	0.0020796	0.0518883
0.0245172	0.0241209	0.00257239	0.0767941
0.0408779	0.0345575	0.00112394	0.0718783
0.0251898	0.0160398	0.000772963	0.0951796
0.034186	0.0328083	0.0191001	0.0790076
0.0308939	0.0126105	0.000726557	0.0651358
0.0255587	0.00803536	0.00494514	0.0405643
0.050789	0.0194099	0.00301506	0.0690642
0.0299863	0.0132823	0.000817153	0.0724613
0.0376122	0.0138751	0.00573673	0.0551183
0.0341529	0.0105781	0.00180126	0.061307
0.0480881	0.0189293	0.000387613	0.0551028
0.0324629	0.0279481	0.0079337	0.0652676
0.044942	0.023871	0.0020749	0.0820047
0.0426875	0.0221355	0.00174017	0.0801
0.0306068	0.0182831	0.00280613	0.0604101
0.0309669	0.0288845	0.000262472	0.0871314
0.0368639	0.0219368	0.000629089	0.0762155
0.0357072	0.0360942	0.00505666	0.0438377
0.0375279	0.0124357	0.00501702	0.0874484
0.0364308	0.0135088	0.00651785	0.0747361
0.0294579	0.025853	0.00301575	0.0632432
0.0267667	0.0161304	0.000221307	0.109478
0.0304082	0.0278219	0.00294687	0.0713475
0.0280239	0.0314923	0.00050271	0.0760916
0.0253382	0.017442	0.00309752	0.0612464
0.0275976	0.011029	0.000988908	0.0378754
0.0371399	0.0361208	0.00316952	0.0436926
0.0307819	0.0247043	0.0035765	0.0446812
0.0365178	0.0259156	0.0127067	0.0721052
0.0244288	0.0238913	0.00356137	0.0874851
0.0355328	0.0144633	0.0193266	0.0767344
0.0364917	0.0248234	0.0117309	0.0656103
0.0367445	0.0174434	0.00939819	0.0710193
0.0445293	0.00682959	0.0138155	0.0696404
0.0168294	0.0310795	0.000105306	0.0944545
0.0365073	0.0343563	0.000146076	0.082886
0.0114265	0.0331767	0.00475219	0.0683895
0.0473392	0.00888617	0.00445955	0.0715173
0.0470854	0.0294652	0.000213089	0.103279
0.0388796	0.0245695	0.00318317	0.0684807
0.0256442	0.0232659	0.00536246	0.0526982
0.0399868	0.0271399	0.00669512	0.0493633
0.0440803	0.0232708	0.00471925	0.0589145
0.0353384	0.0177635	0.0128723	0.0414869
0.0450295	0.0323827	0.00616248	0.0730783
0.0342663	0.0153971	0.000377637	0.0660795
0.0404792	0.0199062	0.00270251	0.0843398
0.0328993	0.0134038	0.00716598	0.0643268
0.0480125	0.020981	0.000841123	0.0679252
0.0342642	0.0283678	0.0058554	0.0567648
0.0281943	0.0178837	0.00259389	0.0610074
0.0362754	0.0396772	0.00347145	0.0679064
0.0239899	0.0143895	0.000363103	0.0609003
0.0262448	0.0171824	0.00385802	0.0688621
0.0193892	0.0156931	0.00241502	0.0790868
0.0377799	0.011299	0.00272281	0.0799477
0.033232	0.0181224	0.00531751	0.0800809
0.0297897	0.0159423	0.00316599	0.0669556
0.0416645	0.0343017	0.00599061	0.0381296
0.0299427	0.0176751	0.0099546	0.0669146
0.0231615	0.0202005	0.00168364	0.0517197
0.0296614	0.0135079	0.000437845	0.0516265
0.0241344	0.018284	0.000585061	0.0884127
0.0216404	0.0311667	0.00891669	0.0777383
0.0326041	0.0308146	0.00199083	0.0481132
0.049172	0.0259334	0.000359515	0.0627986
0.03456	0.0346625	0.000874387	0.0750062
0.0359676	0.0294829	0.00282822	0.0614731
0.0302449	0.0250745	0.0268194	0.0636406
0.0284624	0.0211168	0.00182716	0.072185
0.0162789	0.0168647	0.00193159	0.0910154
0.0397277	0.0165165	0.000828819	0.0481474
0.0319785	0.013451	0.0057446	0.0814482
0.0454732	0.0280029	0.00598426	0.071991
0.0374958	0.017998	0.00862764	0.0834538
0.0403415	0.0254456	0.000674286	0.103652
0.0386134	0.0179197	0.00507609	0.0692418
0.0155418	0.0315412	0.000357663	0.0642948
0.026969	0.014945	0.000415134	0.0843249
0.0256506	0.0256165	0.00441252	0.0770114
0.0419627	0.0151514	0.0044623	0.073558
0.0197462	0.0215832	0.00311016	0.0635184
0.0408883	0.0342104	0.00290743	0.0857122
0.0588707	0.0485524	0.00261609	0.0868494
0.0311377	0.0488829	0.00108858	0.0802039
0.0377711	0.0182677	0.00434039	0.0493753
0.0217779	0.0145549	0.00357631	0.110031
0.0299417	0.00981004	0.00715564	0.0699735
0.035909	0.0246466	0.00155225	0.0527877
0.0347098	0.0255498	0.00243855	0.0728371
0.02711	0.0188164	0.000480611	0.0635589
0.0253226	0.0446136	0.0072685	0.108105
0.0459452	0.0211314	3.32682e-05	0.0587203
0.0399871	0.0242545	0.00128864	0.0763123
0.0350021	0.0123211	0.00378697	0.0655199
0.0478718	0.0101748	6.96222e-05	0.0771594
0.037626	0.0150652	0.0052738	0.054741
0.0248776	0.0108185	0.00457446	0.0780504
0.0289571	0.0179616	0.00230089	0.0717939
0.0291492	0.0534055	0.00229361	0.0478764
0.0248433	0.016821	0.00133748	0.0526918
0.0248665	0.017358	0.000612237	0.0796018
0.0196082	0.026422	0.0045395	0.112964
0.0276564	0.0251086	0.00440245	0.0701423
0.0230815	0.0133836	0.00317011	0.0715497
0.0374888	0.0388081	0.00585202	0.0683597
0.0384526	0.0417579	0.00274627	0.0782839
0.0368438	0.0310571	0.00212209	0.0928809
0.0179952	0.0216434	0.00572674	0.0557738
0.0240568	0.0141402	0.000821977	0.0418241
0.0174238	0.027196	0.00385029	0.0588324
0.0315045	0.0175598	0.00116319	0.0558859
0.0400165	0.00902917	0.00374717	0.0546483
0.0265774	0.050012	0.00567051	0.0800964
0.0278457	0.0346057	0.00392527	0.0511188
0.0289622	0.0113577	0.00171904	0.0708328
0.0216275	0.0133267	0.000743031	0.0947639
0.0543869	0.0306904	0.00966079	0.0619415
0.0388779	0.0205638	0.00726166	0.0662835
0.0277425	0.0236028	0.00512284	0.0926125
0.00986962	0.0479941	0.00154544	0.0522933
0.0422351	0.0403442	0.00223842	0.0587145
0.0216589	0.0471915	0.00174006	0.0847338
0.0335747	0.0192311	0.00680139	0.0701103
0.0321872	0.0236964	0.00119543	0.0671174
0.0293505	0.00968459	0.000424493	0.0793892
0.0249998	0.0081896	0.00100263	0.0876046
0.0307724	0.0291139	0.00303929	0.0715067
0.0128299	0.0142698	0.000212443	0.0893281
0.0158288	0.0205728	4.5588e-05	0.0915964
0.0178128	0.0245315	0.00468633	0.084777
0.023248	0.0105171	0.00772674	0.0690672
0.0364126	0.0422728	0.000413843	0.100964
0.0598159	0.0224473	0.00276402	0.0889011
0.03882	0.0292201	0.00144917	0.074609
0.0164398	0.0261047	0.00927851	0.0816478
0.0437424	0.020945	0.00366194	0.0460808
0.0360615	0.020609	0.00562371	0.0600009
0.026185	0.0393635	0.00107773	0.0550821
0.0471436	0.0256513	0.00258768	0.0664944
0.0337288	0.0392611	0.00802311	0.0525181
0.0374095	0.0143399	0.000335577	0.0722569
0.0193412	0.0444055	0.0182607	0.0677104
0.0204162	0.0333403	0.000537092	0.0705363
0.016541	0.0403526	0.00047392	0.0555053
0.0297962	0.0194926	0.000254781	0.0795074
0.0467142	0.00647965	0.00474078	0.0600755
0.0207464	0.0207547	0.019206	0.055527
0.021745	0.0185638	0.0128324	0.0743169
0.0444409	0.0253593	0.00019319	0.0589134
0.0556879	0.0128183	0.00561683	0.100074
0.0418379	0.0308038	0.00536218	0.102516
0.0348956	0.0150871	0.00109878	0.110612
0.0270243	0.0317598	0.0024869	0.0814575
0.0342404	0.0227949	0.00178498	0.0706645
0.0312054	0.0176734	0.00051435	0.0649275
0.016898	0.0201213	0.00729723	0.066929
0.00941528	0.0290525	0.00297013	0.0746517
0.0377967	0.0226498	0.000120744	0.0990755
0.0144072	0.0185617	0.000196932	0.0768411
0.0257179	0.0401517	0.00568517	0.0707948
0.0353567	0.00736311	0.00331475	0.0480195
0.0447001	0.0100357	0.00175061	0.0784573
0.0285939	0.0172659	1.72089e-05	0.0523067
0.0474348	0.0198254	0.0019061	0.0715655
0.0320915	0.0272558	0.00392972	0.0673785
0.0384127	0.00658976	0.00253545	0.079461
0.0419063	0.0307962	9.72464e-05	0.0622556
0.0417073	0.0216974	0.00612113	0.0681937
0.0190266	0.00896544	0.000477329	0.0569968
0.0353794	0.0210114	0.0050472	0.090182
0.035348	0.0280037	0.00411435	0.0883003
0.0200863	0.0243255	0.000146604	0.0605995
0.0466414	0.0463282	0.00177149	0.0588306
0.018692	0.0210737	0.0050693	0.0660206
0.0368462	0.0575833	0.00167976	0.0732827
0.0192301	0.0165969	0.00185706	0.0846254
0.0407318	0.0271459	0.0059545	0.0848202
0.0284108	0.0303048	0.00186104	0.0444492
0.0300091	0.0215407	0.00231294	0.104906
0.0350109	0.0142173	0.00690206	0.0623149
0.0196996	0.0200178	0.00235813	0.0541587
0.0280462	0.0320755	0.00279136	0.0654502
0.0329969	0.0143492	0.0134266	0.0539631
0.0303544	0.0122614	0.00318603	0.0612428
0.0228572	0.0236299	0.000463519	0.0796568
0.0256423	0.0220679	0.00284268	0.0452253
0.0288377	0.0259573	0.000335312	0.10506
0.0200679	0.0194922	0.00334763	0.0618153
0.0318401	0.0215913	0.00248474	0.0711795
0.0198964	0.0219483	0.00464738	0.0858022
0.0223603	0.0532654	0.00373853	0.0689393
0.0226913	0.0127842	0.00378576	0.0782822
0.0176289	0.0268987	0.00138131	0.0579887
0.037377	0.0118156	0.00870778	0.0852961
0.0126466	0.0197319	0.000322473	0.123363
0.0571464	0.0127448	0.000353665	0.0742138
0.0397547	0.0310327	0.000458975	0.0746899
0.00533555	0.0312691	0.00850668	0.0669635
0.0417071	0.0143964	0.00174915	0.0532686
0.0223042	0.025041	0.00884656	0.068926
0.0628309	0.021792	0.00608205	0.107849
0.0303764	0.0234928	0.00120449	0.0776961
0.0366236	0.0175092	0.0040001	0.0643362
0.0351132	0.0244678	0.00616286	0.0997149
0.037916	0.0179903	0.00461825	0.0823162
0.0302628	0.0149547	0.00965368	0.0737363
0.0251454	0.0182161	0.0023385	0.0611295
0.0210239	0.0236797	0.000831727	0.0642486
0.0140209	0.0569617	0.00163251	0.0618275
0.0314308	0.0127699	0.0170344	0.0831292
0.0711044	0.0383753	0.00101724	0.0700521
0.0382248	0.0127934	0.000567094	0.0598027
0.0170316	0.0137875	0.00246485	0.0802796
0.028776	0.0376037	0.00779487	0.0626339
0.0454995	0.0275284	0.00168395	0.0658336
0.0292029	0.0291651	0.00551476	0.0561497
0.0392625	0.0165223	0.000277645	0.0931459
0.0222362	0.0222359	0.00981105	0.0853939
0.0356935	0.0283409	0.0125291	0.0583407
0.0203662	0.0302854	0.000878132	0.0697876
0.0464529	0.0171162	0.00367549	0.0857262
0.0486759	0.0262729	0.014927	0.0798725
0.026413	0.0399874	0.00127258	0.0629053
0.0347099	0.0256167	0.00212909	0.0681093
0.0148333	0.0366121	0.00166026	0.0618705
0.0460657	0.0165977	0.00187438	0.0782401
0.0397898	0.0303701	0.000244032	0.0474269
0.0370458	0.039148	0.0116636	0.0628454
0.0315795	0.0288278	0.00760172	0.0867483
0.0356098	0.0340973	0.00865415	0.0511684
0.0373172	0.0277743	0.00476956	0.0749387
0.0336756	0.0261056	0.00097371	0.0842602
0.0303125	0.0186174	0.00118789	0.0676593
0.0277655	0.0164226	0.00198636	0.0781446
0.0226267	0.0213645	0.000877603	0.0899937
0.0433213	0.0233743	0.0027843	0.0553672
0.0507838	0.0147664	0.000153328	0.0572719
0.0214662	0.0272637	0.00232567	0.0497926
0.0291016	0.0225337	0.00263291	0.104553
0.0189521	0.00858057	0.00074988	0.0605369
0.0185415	0.0318381	0.00150286	0.0613364
0.0137581	0.0197058	0.00332542	0.0672711
0.0334201	0.0232139	0.00301702	0.0768718
0.0253178	0.0228453	0.0175939	0.0537467
0.0419636	0.0173263	0.000337628	0.0919937
0.024464	0.0317707	0.00257218	0.0875283
0.0235139	0.0181522	0.00110998	0.048618
0.0456014	0.0195623	0.00340362	0.0753815
0.0336881	0.0169655	0.00196353	0.0893616
0.0147269	0.019883	0.00190368	0.0686343
0.0166145	0.0251059	0.000185716	0.079863
0.0680639	0.00561104	0.0211028	0.109809
0.0305189	0.0428991	0.00227614	0.0643262
0.0164891	0.0410156	0.000202039	0.0322769
0.0351306	0.0338706	0.000628271	0.094537
0.0237387	0.0490234	0.000830408	0.0651995
0.0345196	0.040224	0.000449328	0.0666388
0.0376876	0.00813866	0.00306054	0.0638451
0.0399548	0.0244751	0.00379269	0.102871
0.0264884	0.0187083	0.00412867	0.0440872
0.0365729	0.0204928	0.00715114	0.073509
0.0423643	0.021692	0.00301824	0.0960396
0.0270294	0.0476598	0.0070611	0.0764677
0.0362812	0.0182767	0.00671451	0.0690679
0.0750079	0.0460322	0.00508733	0.0892901
0.0270413	0.00925794	0.00411278	0.10516
0.0238484	0.0294107	0.00797311	0.076121
0.0370305	0.0338539	0.00160458	0.0837987
0.0452476	0.0262525	0.00140638	0.0687338
0.0233254	0.0219405	0.00271199	0.0555551
0.0479926	0.0282933	0.00053405	0.0468641
0.0304127	0.0291995	0.00929882	0.0657336
0.022211	0.0149345	0.000726232	0.0453235
0.0403734	0.0267011	0.00431377	0.0645584
0.0194369	0.020871	0.00353647	0.0839293
0.0466919	0.0142612	0.00569609	0.0943034
0.0251255	0.0144976	0.000659829	0.0448427
0.0244775	0.0278145	0.0160949	0.0774258
0.0356091	0.026568	0.0010787	0.0807701
0.0233154	0.0120369	0.00466262	0.0944409
0.0256474	0.0233466	0.0056268	0.0679651
0.0387463	0.0201999	0.000537829	0.0537439
0.031765	0.0350705	0.0156186	0.0468652
0.0460675	0.0461311	0.00242679	0.111072
0.0133273	0.0149801	0.00138647	0.089584
0.0285454	0.0141297	2.02005e-05	0.0447929
0.0342455	0.0181811	0.0026626	0.0861571
0.0280237	0.0229322	0.000260965	0.0776426
0.0253905	0.0156198	0.0156308	0.0733319
0.0110896	0.0155072	0.00346913	0.0994507
0.0478948	0.0176696	0.00862948	0.0367293
0.0743217	0.0158294	0.018739	0.0871252
0.0428319	0.0507335	0.00176122	0.0942509
0.0387955	0.0105699	0.00296179	0.0709341
0.0187491	0.0219711	0.000186243	0.0544968
0.0120638	0.0322375	0.00133771	0.0817582
0.0342907	0.00747592	0.00125672	0.0932201
0.0234012	0.0153023	0.00230445	0.0707833
0.0192386	0.0196975	0.00169625	0.0530446
0.0267072	0.0358379	0.00470087	0.0892507
0.0221318	0.022702	0.000766337	0.0522032
0.0332253	0.0239605	0.00673719	0.0652061
0.0210683	0.0220993	0.000869632	0.0581003
0.035201	0.0208465	0.00582217	0.0679419
0.0257283	0.0244496	0.0110295	0.067187
0.0343597	0.0219478	0.0216031	0.0926685
0.0400283	0.023812	0.000554338	0.0574052
0.0308496	0.0266278	0.00595292	0.0712215
0.0190342	0.0317486	0.0022453	0.0637386
0.0145381	0.0445379	0.000445701	0.0675272
0.025397	0.0218985	0.0126165	0.064983
0.0227779	0.020235	0.0063365	0.0725809
0.0248108	0.0141108	0.00117641	0.0846845
0.0142688	0.0150543	0.00167421	0.0645326
0.0235507	0.0094072	0.00334028	0.0701661
0.0233748	0.0273471	0.00471736	0.0787203
0.0208324	0.0210766	0.00217444	0.0740413
0.0355486	0.0314356	0.00203219	0.0712745
0.0224699	0.0342264	0.00638683	0.0746267
0.0408865	0.013246	0.0024863	0.0697197
0.0411501	0.0127439	0.0019371	0.0676225
0.0397918	0.0305349	0.000828636	0.0692348
0.0540235	0.00958394	0.00117788	0.0715219
0.0232143	0.0175085	0.00498275	0.0587784
0.0223356	0.0402899	0.00027357	0.0708831
0.0429571	0.0319607	0.00879042	0.0533238
0.0307107	0.0182338	0.00190942	0.0641779
0.0456598	0.0356349	0.00314771	0.0612828
0.0609028	0.0149936	0.0188168	0.0518763
0.0355352	0.0201694	0.0127485	0.110995
0.0290758	0.0107077	0.00535708	0.0776699
0.031214	0.033496	0.000215694	0.0769578
0.0549468	0.00971199	0.00491399	0.0489906
0.0150733	0.0244181	0.00249775	0.0715041
0.0477941	0.0236299	0.0190862	0.0712143
0.0241158	0.0283076	0.00112297	0.0641995
0.0451717	0.0310291	0.0030852	0.088462
0.0478474	0.0107944	0.00408691	0.0667295
0.0291916	0.0156351	0.00501006	0.0775546
0.0252644	0.0123643	0.00392564	0.0661951
0.0521772	0.0251498	0.00400715	0.0738944
0.0509914	0.0199281	0.000941834	0.0842479
0.0424049	0.00584804	0.00255128	0.0467814
0.0378397	0.00367649	0.00491992	0.0694354
0.0369777	0.0263511	0.0141036	0.0517332
0.0269736	0.0272916	0.0073879	0.0596042
0.0492849	0.0158151	0.00722334	0.0814488
0.0481989	0.0175615	0.00190114	0.0599934
0.0259405	0.0134235	0.00908134	0.0768827
0.0420096	0.00975159	0.000115274	0.0569354
0.0158718	0.0134791	0.00849779	0.0795258
0.0466408	0.00975384	0.00161648	0.0727011
0.0395708	0.0307228	0.000676428	0.0543035
0.0138179	0.0346075	0.000156559	0.0578888
0.0204833	0.0136942	0.00241439	0.0824592
0.0293881	0.014148	0.000757861	0.0606603
0.0333031	0.0204654	0.00796125	0.0948011
0.0248034	0.0203469	0.000286505	0.0814297
0.0407373	0.0146794	0.00444414	0.0864928
0.0304267	0.061704	0.000559351	0.064291
0.045192	0.0084066	0.00999073	0.0773538
0.020037	0.0190446	0.00755071	0.0764442
0.0367957	0.0223643	1.51887e-05	0.0645794
0.0439184	0.0243019	7.43195e-05	0.0552603
0.0172863	0.0280751	0.00362097	0.0592139
0.0298906	0.0155825	0.000284299	0.0790466
0.0329797	0.0228454	0.00749239	0.0635407
0.0417287	0.0223826	0.00292908	0.079063
0.0166463	0.0188525	0.0110147	0.043809
0.0334673	0.0135715	0.015707	0.0949892
0.0300373	0.0201653	0.00396771	0.0564496
0.024218	0.013443	0.00776975	0.049618
0.0282981	0.0214291	0.0115428	0.0467034
0.0431504	0.0215266	0.00998335	0.118662
0.0459632	0.0272669	0.000392868	0.0872618
0.0303315	0.0265788	0.00408872	0.0511112
0.0287297	0.040323	0.00122878	0.0568158
0.0203249	0.0353159	0.00283838	0.0474884
0.045075	0.0295594	0.00126528	0.0643668
0.0428774	0.0143158	0.000707738	0.105187
0.0302481	0.0267615	0.00412764	0.0541623
0.033794	0.0251735	0.00339488	0.0492997
0.0202983	0.0216908	0.00341716	0.0971628
0.0312286	0.0345485	0.00511727	0.0696517
0.0398203	0.0234144	0.000349698	0.0618311
0.0542116	0.0250378	0.00035906	0.0754357
0.0251108	0.0216913	9.53909e-05	0.0778005
0.0259901	0.0223034	0.00268306	0.0688105
0.0190939	0.0149777	0.00742633	0.0892829
0.0277954	0.024601	0.00534907	0.0640146
0.0288675	0.0145797	0.00565168	0.0363591
0.0258129	0.0271892	0.00449456	0.0729187
0.0325032	0.0126183	0.00155733	0.0765897
0.0194148	0.0230195	0.00592079	0.057084
0.0553023	0.0334329	0.00401573	0.0784695
0.0383891	0.0155374	0.00710144	0.0910247
0.0218778	0.0186099	0.003551	0.110459
0.0325051	0.016827	0.0153985	0.0754237
0.0371873	0.0149322	0.0037788	0.0722556
0.051775	0.0286549	0.00720661	0.0935733
0.0358722	0.019188	9.7775e-05	0.095168
0.0227655	0.0249643	0.000725711	0.075545
0.0351112	0.024264	0.000132457	0.0673033
0.0557119	0.0454903	0.00637081	0.0739118
0.0316563	0.0270339	0.00135606	0.091142
0.0350476	0.0211499	0.00260081	0.0922621
0.0416729	0.0156411	0.0112109	0.0675962
0.0272188	0.0184155	9.70018e-05	0.0808418
0.0330445	0.0247452	0.000335247	0.0947658
0.044095	0.0210075	0.00719085	0.0777801
0.0447131	0.0248808	0.00678918	0.0893426
0.048719	0.0129358	0.00805766	0.065298
0.0445485	0.0315683	0.00494928	0.0806718
0.0383883	0.0365419	0.00491638	0.065567
0.0319372	0.0244373	0.00094802	0.0678354
0.0155271	0.0309326	0.00154874	0.106638
0.0220063	0.0310785	0.017343	0.118261
0.0254491	0.0296728	0.0124553	0.0610374
0.0265004	0.0230187	0.0050467	0.0843659
0.0265584	0.0264173	0.0196251	0.0728384
0.0231318	0.0195877	0.00318837	0.0743904
0.0317002	0.0107965	0.000280611	0.073688
0.0331992	0.0215881	0.0063499	0.107119
0.040621	0.0189841	0.0118013	0.0665289
0.034569	0.0282146	0.00554058	0.0563348
0.0155684	0.0334348	0.00151838	0.0499663
0.0266458	0.0187223	0.0127379	0.0922763
0.0288945	0.0245737	0.00766535	0.0773972
0.0348276	0.0186632	0.00143468	0.0743474
0.040962	0.0144996	0.00380271	0.0587939
0.0640782	0.0202413	0.0061226	0.07985
0.0338204	0.0232719	0.00150651	0.069936
0.0176249	0.0109177	0.00467352	0.0676758
0.0328416	0.015995	0.00147319	0.036665
0.0322961	0.0161518	0.00483226	0.0745818
0.016154	0.0262417	0.00285799	0.0523835
0.0267188	0.0131046	0.000338391	0.0775441
0.0366594	0.0117174	0.000402125	0.0788618
0.0362498	0.0260024	0.00277514	0.0843521
0.0244166	0.0332601	0.00441693	0.0854902
0.0299246	0.0216324	0.00493418	0.0889269
0.0228972	0.00764371	0.000590771	0.0594511
0.0406283	0.0281329	0.0149648	0.0729163
0.0401951	0.0171802	0.00695583	0.085037
0.0184422	0.0308475	0.000821325	0.0568483
0.0253501	0.0194932	0.000690625	0.070605
0.0158812	0.0188578	0.00131271	0.0563023
0.0312418	0.0260737	0.00130674	0.0924689
0.0294716	0.0140831	0.0017743	0.0556194
0.0152213	0.0458614	0.00296657	0.0637647
0.0252246	0.0161551	0.00434116	0.0645016
0.0407702	0.030636	0.00449684	0.0757988
0.0240806	0.0156947	0.00429904	0.0974775
0.0257145	0.0195422	0.00118576	0.0744493
0.0277122	0.0348561	0.00218471	0.0876328
0.0247045	0.0128595	0.00591788	0.090899
0.018932	0.0380341	0.00880795	0.0862079
0.0255126	0.0344714	0.0129322	0.0518661
0.0422113	0.0231279	0.00154544	0.0557794
0.0241336	0.0197573	0.00144547	0.0918618
0.0246393	0.0230845	0.00864318	0.0631278
0.0238114	0.0132943	0.0046033	0.0768233
0.0409749	0.0156147	0.00385699	0.0640023
0.0471878	0.0310772	0.00602151	0.0646463
0.03757	0.0222034	0.00580437	0.0987588
0.033605	0.0198682	0.00516036	0.0602653
0.0296318	0.0205393	0.0112389	0.0872128
0.0268507	0.0388054	0.00841855	0.0477554
0.0436541	0.0196425	0.00106749	0.0846804
0.0453282	0.0212548	0.00202078	0.0712038
0.0313921	0.0178599	0.0031761	0.0772567
0.025117	0.0152591	0.00906706	0.0987551
0.0163923	0.00801886	0.0043212	0.0646345
0.0456462	0.0185848	0.00222983	0.097194
0.0377969	0.0251014	0.00450449	0.0678874
0.0397337	0.015233	0.0101999	0.0534039
0.0378313	0.0271834	0.0052975	0.0679533
0.0395322	0.0216543	0.00646944	0.0712359
0.0192361	0.0342957	0.00507396	0.0351328
0.0488699	0.0231524	0.00580748	0.0736584
0.034614	0.0321628	0.000982398	0.0860951
0.032267	0.0098393	0.00107675	0.0712914
0.0304175	0.040162	0.00760987	0.0703859
0.0386122	0.0159728	0.0021445	0.0757004
0.0287637	0.0286471	0.00149011	0.0841528
0.0280176	0.0183337	0.0010575	0.0492207
0.0404948	0.0113089	0.00531721	0.0901673
0.0195099	0.0226237	0.00095502	0.0616428
0.041235	0.0110537	0.00392179	0.072528
0.0338819	0.0343423	0.00227051	0.0487052
0.0244456	0.0310929	0.0162186	0.0668737
0.0231006	0.0239957	0.00463134	0.0988126
0.0307827	0.0381561	0.000920051	0.0798505
0.0272149	0.0366792	0.0136265	0.0886168
0.0210068	0.0282251	0.00500169	0.0632766
0.031029	0.0255885	0.0152313	0.0635647
0.0455314	0.0247824	0.00845575	0.0902725
0.0200916	0.0253187	0.00134744	0.0485996
0.0461803	0.0330126	0.000921393	0.0676124
0.0408993	0.0375804	0.0131803	0.06959
0.0211496	0.0171596	0.00250185	0.0829138
0.0438889	0.0104286	0.00759658	0.0959961
0.0298144	0.0277083	0.000951826	0.062949
0.04573	0.0207436	0.0114803	0.08211
0.0361819	0.025577	0.00165308	0.0807294
0.0453941	0.0382098	0.00218875	0.0773874
0.0194523	0.0205916	0.00182507	0.0677671
0.0216754	0.0144929	0.0161186	0.0730753
0.0302217	0.0231752	0.00139004	0.0796838
0.0385503	0.0272344	0.00413276	0.0550789
0.0430769	0.0408994	0.012416	0.0577834
0.0322659	0.0313236	0.00108237	0.0636578
0.0223319	0.0208132	0.00350603	0.0955809
0.0322815	0.0673782	0.00838313	0.0757564
0.0296736	0.0135182	0.000706634	0.0922393
0.0482875	0.025923	0.00134943	0.0807655
0.0364586	0.0172876	0.00179291	0.0933679
0.0353931	0.0178947	0.00267619	0.0825152
0.0380478	0.0277627	4.64518e-05	0.0588814
0.0176532	0.0251871	0.0124562	0.0615265
0.0461891	0.0383548	0.0012252	0.0947271
0.0304205	0.0284661	0.00602966	0.0712996
0.0349922	0.00497393	0.00328084	0.0635356
0.039792	0.01887	3.63095e-05	0.075836
0.0383581	0.0335607	0.00391097	0.0737005
0.0350935	0.0260232	0.0138982	0.0824485
0.0407032	0.0278157	0.00482343	0.0680697
0.0218931	0.0199791	0.00123307	0.0715258
0.0268156	0.0241845	0.000977711	0.10277
0.0540927	0.0285006	0.00222767	0.0620901
0.0302126	0.0130219	0.00799038	0.0685152
0.054878	0.0274023	0.00478315	0.0536425
0.0417805	0.029799	0.00212551	0.058985
0.0408592	0.0257752	0.00239165	0.0657955
0.0298954	0.0145239	0.000569455	0.0642447
0.0326532	0.0188599	0.0033691	0.0883426
0.0250549	0.0339603	0.00603328	0.0746323
0.0468222	0.0344691	0.00173097	0.097664
0.0343963	0.0211038	0.00353192	0.0673543
0.018524	0.0147108	0.00165247	0.0802339
0.0302458	0.0339788	0.00633777	0.0611528
0.0344018	0.0229299	0.00422026	0.084329
0.0284987	0.0176582	0.0205214	0.0923753
0.0324296	0.0125739	0.00977343	0.087106
0.0222561	0.0156525	0.00489082	0.0718837
0.0361999	0.0261039	0.00389282	0.0653864
0.0358124	0.0141022	0.0011102	0.0950482
0.0269664	0.00881468	0.0044533	0.0753762
0.0339157	0.0134048	0.00202371	0.0946233
0.0257753	0.0397422	0.00444784	0.0721797
