-5	5	0.5	0
-4	5	0.5	0
-3	5	0.5	1
-2	5	0.5	1
-1	5	0.5	2
0	5	0.5	2
1	5	0.5	3
2	5	0.5	3
3	5	0.5	4
4	5	0.5	4
-5	4.8333	0.5	5
-4	4.8333	0.5	5
-3	4.8333	0.5	6
-2	4.8333	0.5	6
-1	4.8333	0.5	7
0	4.8333	0.5	7
1	4.8333	0.5	8
2	4.8333	0.5	8
3	4.8333	0.5	9
4	4.8333	0.5	9
-5	4.6667	0.5	10
-4	4.6667	0.5	10
-3	4.6667	0.5	11
-2	4.6667	0.5	11
-1	4.6667	0.5	12
0	4.6667	0.5	12
1	4.6667	0.5	13
2	4.6667	0.5	13
3	4.6667	0.5	14
4	4.6667	0.5	14
-5	4.5	0.5	15
-4	4.5	0.5	15
-3	4.5	0.5	16
-2	4.5	0.5	16
-1	4.5	0.5	17
0	4.5	0.5	17
1	4.5	0.5	18
2	4.5	0.5	18
3	4.5	0.5	19
4	4.5	0.5	19
-5	4.3333	0.5	20
-4	4.3333	0.5	20
-3	4.3333	0.5	21
-2	4.3333	0.5	21
-1	4.3333	0.5	22
0	4.3333	0.5	22
1	4.3333	0.5	23
2	4.3333	0.5	23
3	4.3333	0.5	24
4	4.3333	0.5	24
-5	4.1667	0.5	25
-4	4.1667	0.5	25
-3	4.1667	0.5	26
-2	4.1667	0.5	26
-1	4.1667	0.5	27
0	4.1667	0.5	27
1	4.1667	0.5	28
2	4.1667	0.5	28
3	4.1667	0.5	29
4	4.1667	0.5	29
-5	4	0.5	30
-4	4	0.5	30
-3	4	0.5	31
-2	4	0.5	31
-1	4	0.5	32
0	4	0.5	32
1	4	0.5	33
2	4	0.5	33
3	4	0.5	34
4	4	0.5	34
-5	3.8333	0.5	35
-4	3.8333	0.5	35
-3	3.8333	0.5	36
-2	3.8333	0.5	36
-1	3.8333	0.5	37
0	3.8333	0.5	37
1	3.8333	0.5	38
2	3.8333	0.5	38
3	3.8333	0.5	39
4	3.8333	0.5	39
-5	3.6667	0.5	40
-4	3.6667	0.5	40
-3	3.6667	0.5	41
-2	3.6667	0.5	41
-1	3.6667	0.5	42
0	3.6667	0.5	42
1	3.6667	0.5	43
2	3.6667	0.5	43
3	3.6667	0.5	44
4	3.6667	0.5	44
-5	3.5	0.5	45
-4	3.5	0.5	45
-3	3.5	0.5	46
-2	3.5	0.5	46
-1	3.5	0.5	47
0	3.5	0.5	47
1	3.5	0.5	48
2	3.5	0.5	48
3	3.5	0.5	49
4	3.5	0.5	49
-5	3.3333	0.5	50
-4	3.3333	0.5	50
-3	3.3333	0.5	51
-2	3.3333	0.5	51
-1	3.3333	0.5	52
0	3.3333	0.5	52
1	3.3333	0.5	53
2	3.3333	0.5	53
3	3.3333	0.5	54
4	3.3333	0.5	54
-5	3.1667	0.5	55
-4	3.1667	0.5	55
-3	3.1667	0.5	56
-2	3.1667	0.5	56
-1	3.1667	0.5	57
0	3.1667	0.5	57
1	3.1667	0.5	58
2	3.1667	0.5	58
3	3.1667	0.5	59
4	3.1667	0.5	59
-5	3	0.5	60
-4	3	0.5	60
-3	3	0.5	61
-2	3	0.5	61
-1	3	0.5	62
0	3	0.5	62
1	3	0.5	63
2	3	0.5	63
3	3	0.5	64
4	3	0.5	64
-5	2.8333	0.5	65
-4	2.8333	0.5	65
-3	2.8333	0.5	66
-2	2.8333	0.5	66
-1	2.8333	0.5	67
0	2.8333	0.5	67
1	2.8333	0.5	68
2	2.8333	0.5	68
3	2.8333	0.5	69
4	2.8333	0.5	69
-5	2.6667	0.5	70
-4	2.6667	0.5	70
-3	2.6667	0.5	71
-2	2.6667	0.5	71
-1	2.6667	0.5	72
0	2.6667	0.5	72
1	2.6667	0.5	73
2	2.6667	0.5	73
3	2.6667	0.5	74
4	2.6667	0.5	74
-5	2.5	0.5	75
-4	2.5	0.5	75
-3	2.5	0.5	76
-2	2.5	0.5	76
-1	2.5	0.5	77
0	2.5	0.5	77
1	2.5	0.5	78
2	2.5	0.5	78
3	2.5	0.5	79
4	2.5	0.5	79
-5	2.3333	0.5	80
-4	2.3333	0.5	80
-3	2.3333	0.5	81
-2	2.3333	0.5	81
-1	2.3333	0.5	82
0	2.3333	0.5	82
1	2.3333	0.5	83
2	2.3333	0.5	83
3	2.3333	0.5	84
4	2.3333	0.5	84
-5	2.1667	0.5	85
-4	2.1667	0.5	85
-3	2.1667	0.5	86
-2	2.1667	0.5	86
-1	2.1667	0.5	87
0	2.1667	0.5	87
1	2.1667	0.5	88
2	2.1667	0.5	88
3	2.1667	0.5	89
4	2.1667	0.5	89
-5	2	0.5	90
-4	2	0.5	90
-3	2	0.5	91
-2	2	0.5	91
-1	2	0.5	92
0	2	0.5	92
1	2	0.5	93
2	2	0.5	93
3	2	0.5	94
4	2	0.5	94
-5	1.8333	0.5	95
-4	1.8333	0.5	95
-3	1.8333	0.5	96
-2	1.8333	0.5	96
-1	1.8333	0.5	97
0	1.8333	0.5	97
1	1.8333	0.5	98
2	1.8333	0.5	98
3	1.8333	0.5	99
4	1.8333	0.5	99
-5	1.6667	0.5	100
-4	1.6667	0.5	100
-3	1.6667	0.5	101
-2	1.6667	0.5	101
-1	1.6667	0.5	102
0	1.6667	0.5	102
1	1.6667	0.5	103
2	1.6667	0.5	103
3	1.6667	0.5	104
4	1.6667	0.5	104
-5	1.5	0.5	105
-4	1.5	0.5	105
-3	1.5	0.5	106
-2	1.5	0.5	106
-1	1.5	0.5	107
0	1.5	0.5	107
1	1.5	0.5	108
2	1.5	0.5	108
3	1.5	0.5	109
4	1.5	0.5	109
-5	1.3333	0.5	110
-4	1.3333	0.5	110
-3	1.3333	0.5	111
-2	1.3333	0.5	111
-1	1.3333	0.5	112
0	1.3333	0.5	112
1	1.3333	0.5	113
2	1.3333	0.5	113
3	1.3333	0.5	114
4	1.3333	0.5	114
-5	1.1667	0.5	115
-4	1.1667	0.5	115
-3	1.1667	0.5	116
-2	1.1667	0.5	116
-1	1.1667	0.5	117
0	1.1667	0.5	117
1	1.1667	0.5	118
2	1.1667	0.5	118
3	1.1667	0.5	119
4	1.1667	0.5	119
-5	1	0.5	120
-4	1	0.5	120
-3	1	0.5	121
-2	1	0.5	121
-1	1	0.5	122
0	1	0.5	122
1	1	0.5	123
2	1	0.5	123
3	1	0.5	124
4	1	0.5	124
-5	0.83333	0.5	125
-4	0.83333	0.5	125
-3	0.83333	0.5	126
-2	0.83333	0.5	126
-1	0.83333	0.5	127
0	0.83333	0.5	127
1	0.83333	0.5	128
2	0.83333	0.5	128
3	0.83333	0.5	129
4	0.83333	0.5	129
-5	0.66667	0.5	130
-4	0.66667	0.5	130
-3	0.66667	0.5	131
-2	0.66667	0.5	131
-1	0.66667	0.5	132
0	0.66667	0.5	132
1	0.66667	0.5	133
2	0.66667	0.5	133
3	0.66667	0.5	134
4	0.66667	0.5	134
-5	0.5	0.5	135
-4	0.5	0.5	135
-3	0.5	0.5	136
-2	0.5	0.5	136
-1	0.5	0.5	137
0	0.5	0.5	137
1	0.5	0.5	138
2	0.5	0.5	138
3	0.5	0.5	139
4	0.5	0.5	139
-5	0.33333	0.5	140
-4	0.33333	0.5	140
-3	0.33333	0.5	141
-2	0.33333	0.5	141
-1	0.33333	0.5	142
0	0.33333	0.5	142
1	0.33333	0.5	143
2	0.33333	0.5	143
3	0.33333	0.5	144
4	0.33333	0.5	144
-5	0.16667	0.5	145
-4	0.16667	0.5	145
-3	0.16667	0.5	146
-2	0.16667	0.5	146
-1	0.16667	0.5	147
0	0.16667	0.5	147
1	0.16667	0.5	148
2	0.16667	0.5	148
3	0.16667	0.5	149
4	0.16667	0.5	149
-5	0	0.5	150
-4	0	0.5	150
-3	0	0.5	151
-2	0	0.5	151
-1	0	0.5	152
0	0	0.5	152
1	0	0.5	153
2	0	0.5	153
3	0	0.5	154
4	0	0.5	154
-5	-0.16667	0.5	155
-4	-0.16667	0.5	155
-3	-0.16667	0.5	156
-2	-0.16667	0.5	156
-1	-0.16667	0.5	157
0	-0.16667	0.5	157
1	-0.16667	0.5	158
2	-0.16667	0.5	158
3	-0.16667	0.5	159
4	-0.16667	0.5	159
-5	-0.33333	0.5	160
-4	-0.33333	0.5	160
-3	-0.33333	0.5	161
-2	-0.33333	0.5	161
-1	-0.33333	0.5	162
0	-0.33333	0.5	162
1	-0.33333	0.5	163
2	-0.33333	0.5	163
3	-0.33333	0.5	164
4	-0.33333	0.5	164
-5	-0.5	0.5	165
-4	-0.5	0.5	165
-3	-0.5	0.5	166
-2	-0.5	0.5	166
-1	-0.5	0.5	167
0	-0.5	0.5	167
1	-0.5	0.5	168
2	-0.5	0.5	168
3	-0.5	0.5	169
4	-0.5	0.5	169
-5	-0.66667	0.5	170
-4	-0.66667	0.5	170
-3	-0.66667	0.5	171
-2	-0.66667	0.5	171
-1	-0.66667	0.5	172
0	-0.66667	0.5	172
1	-0.66667	0.5	173
2	-0.66667	0.5	173
3	-0.66667	0.5	174
4	-0.66667	0.5	174
-5	-0.83333	0.5	175
-4	-0.83333	0.5	175
-3	-0.83333	0.5	176
-2	-0.83333	0.5	176
-1	-0.83333	0.5	177
0	-0.83333	0.5	177
1	-0.83333	0.5	178
2	-0.83333	0.5	178
3	-0.83333	0.5	179
4	-0.83333	0.5	179
-5	-1	0.5	180
-4	-1	0.5	180
-3	-1	0.5	181
-2	-1	0.5	181
-1	-1	0.5	182
0	-1	0.5	182
1	-1	0.5	183
2	-1	0.5	183
3	-1	0.5	184
4	-1	0.5	184
-5	-1.1667	0.5	185
-4	-1.1667	0.5	185
-3	-1.1667	0.5	186
-2	-1.1667	0.5	186
-1	-1.1667	0.5	187
0	-1.1667	0.5	187
1	-1.1667	0.5	188
2	-1.1667	0.5	188
3	-1.1667	0.5	189
4	-1.1667	0.5	189
-5	-1.3333	0.5	190
-4	-1.3333	0.5	190
-3	-1.3333	0.5	191
-2	-1.3333	0.5	191
-1	-1.3333	0.5	192
0	-1.3333	0.5	192
1	-1.3333	0.5	193
2	-1.3333	0.5	193
3	-1.3333	0.5	194
4	-1.3333	0.5	194
-5	-1.5	0.5	195
-4	-1.5	0.5	195
-3	-1.5	0.5	196
-2	-1.5	0.5	196
-1	-1.5	0.5	197
0	-1.5	0.5	197
1	-1.5	0.5	198
2	-1.5	0.5	198
3	-1.5	0.5	199
4	-1.5	0.5	199
-5	-1.6667	0.5	200
-4	-1.6667	0.5	200
-3	-1.6667	0.5	201
-2	-1.6667	0.5	201
-1	-1.6667	0.5	202
0	-1.6667	0.5	202
1	-1.6667	0.5	203
2	-1.6667	0.5	203
3	-1.6667	0.5	204
4	-1.6667	0.5	204
-5	-1.8333	0.5	205
-4	-1.8333	0.5	205
-3	-1.8333	0.5	206
-2	-1.8333	0.5	206
-1	-1.8333	0.5	207
0	-1.8333	0.5	207
1	-1.8333	0.5	208
2	-1.8333	0.5	208
3	-1.8333	0.5	209
4	-1.8333	0.5	209
-5	-2	0.5	210
-4	-2	0.5	210
-3	-2	0.5	211
-2	-2	0.5	211
-1	-2	0.5	212
0	-2	0.5	212
1	-2	0.5	213
2	-2	0.5	213
3	-2	0.5	214
4	-2	0.5	214
-5	-2.1667	0.5	215
-4	-2.1667	0.5	215
-3	-2.1667	0.5	216
-2	-2.1667	0.5	216
-1	-2.1667	0.5	217
0	-2.1667	0.5	217
1	-2.1667	0.5	218
2	-2.1667	0.5	218
3	-2.1667	0.5	219
4	-2.1667	0.5	219
-5	-2.3333	0.5	220
-4	-2.3333	0.5	220
-3	-2.3333	0.5	221
-2	-2.3333	0.5	221
-1	-2.3333	0.5	222
0	-2.3333	0.5	222
1	-2.3333	0.5	223
2	-2.3333	0.5	223
3	-2.3333	0.5	224
4	-2.3333	0.5	224
-5	-2.5	0.5	225
-4	-2.5	0.5	225
-3	-2.5	0.5	226
-2	-2.5	0.5	226
-1	-2.5	0.5	227
0	-2.5	0.5	227
1	-2.5	0.5	228
2	-2.5	0.5	228
3	-2.5	0.5	229
4	-2.5	0.5	229
-5	-2.6667	0.5	230
-4	-2.6667	0.5	230
-3	-2.6667	0.5	231
-2	-2.6667	0.5	231
-1	-2.6667	0.5	232
0	-2.6667	0.5	232
1	-2.6667	0.5	233
2	-2.6667	0.5	233
3	-2.6667	0.5	234
4	-2.6667	0.5	234
-5	-2.8333	0.5	235
-4	-2.8333	0.5	235
-3	-2.8333	0.5	236
-2	-2.8333	0.5	236
-1	-2.8333	0.5	237
0	-2.8333	0.5	237
1	-2.8333	0.5	238
2	-2.8333	0.5	238
3	-2.8333	0.5	239
4	-2.8333	0.5	239
-5	-3	0.5	240
-4	-3	0.5	240
-3	-3	0.5	241
-2	-3	0.5	241
-1	-3	0.5	242
0	-3	0.5	242
1	-3	0.5	243
2	-3	0.5	243
3	-3	0.5	244
4	-3	0.5	244
-5	-3.1667	0.5	245
-4	-3.1667	0.5	245
-3	-3.1667	0.5	246
-2	-3.1667	0.5	246
-1	-3.1667	0.5	247
0	-3.1667	0.5	247
1	-3.1667	0.5	248
2	-3.1667	0.5	248
3	-3.1667	0.5	249
4	-3.1667	0.5	249
-5	-3.3333	0.5	250
-4	-3.3333	0.5	250
-3	-3.3333	0.5	251
-2	-3.3333	0.5	251
-1	-3.3333	0.5	252
0	-3.3333	0.5	252
1	-3.3333	0.5	253
2	-3.3333	0.5	253
3	-3.3333	0.5	254
4	-3.3333	0.5	254
-5	-3.5	0.5	255
-4	-3.5	0.5	255
-3	-3.5	0.5	256
-2	-3.5	0.5	256
-1	-3.5	0.5	257
0	-3.5	0.5	257
1	-3.5	0.5	258
2	-3.5	0.5	258
3	-3.5	0.5	259
4	-3.5	0.5	259
-5	-3.6667	0.5	260
-4	-3.6667	0.5	260
-3	-3.6667	0.5	261
-2	-3.6667	0.5	261
-1	-3.6667	0.5	262
0	-3.6667	0.5	262
1	-3.6667	0.5	263
2	-3.6667	0.5	263
3	-3.6667	0.5	264
4	-3.6667	0.5	264
-5	-3.8333	0.5	265
-4	-3.8333	0.5	265
-3	-3.8333	0.5	266
-2	-3.8333	0.5	266
-1	-3.8333	0.5	267
0	-3.8333	0.5	267
1	-3.8333	0.5	268
2	-3.8333	0.5	268
3	-3.8333	0.5	269
4	-3.8333	0.5	269
-5	-4	0.5	270
-4	-4	0.5	270
-3	-4	0.5	271
-2	-4	0.5	271
-1	-4	0.5	272
0	-4	0.5	272
1	-4	0.5	273
2	-4	0.5	273
3	-4	0.5	274
4	-4	0.5	274
-5	-4.1667	0.5	275
-4	-4.1667	0.5	275
-3	-4.1667	0.5	276
-2	-4.1667	0.5	276
-1	-4.1667	0.5	277
0	-4.1667	0.5	277
1	-4.1667	0.5	278
2	-4.1667	0.5	278
3	-4.1667	0.5	279
4	-4.1667	0.5	279
-5	-4.3333	0.5	280
-4	-4.3333	0.5	280
-3	-4.3333	0.5	281
-2	-4.3333	0.5	281
-1	-4.3333	0.5	282
0	-4.3333	0.5	282
1	-4.3333	0.5	283
2	-4.3333	0.5	283
3	-4.3333	0.5	284
4	-4.3333	0.5	284
-5	-4.5	0.5	285
-4	-4.5	0.5	285
-3	-4.5	0.5	286
-2	-4.5	0.5	286
-1	-4.5	0.5	287
0	-4.5	0.5	287
1	-4.5	0.5	288
2	-4.5	0.5	288
3	-4.5	0.5	289
4	-4.5	0.5	289
-5	-4.6667	0.5	290
-4	-4.6667	0.5	290
-3	-4.6667	0.5	291
-2	-4.6667	0.5	291
-1	-4.6667	0.5	292
0	-4.6667	0.5	292
1	-4.6667	0.5	293
2	-4.6667	0.5	293
3	-4.6667	0.5	294
4	-4.6667	0.5	294
-5	-4.8333	0.5	295
-4	-4.8333	0.5	295
-3	-4.8333	0.5	296
-2	-4.8333	0.5	296
-1	-4.8333	0.5	297
0	-4.8333	0.5	297
1	-4.8333	0.5	298
2	-4.8333	0.5	298
3	-4.8333	0.5	299
4	-4.8333	0.5	299
