t = 0.000000	N = 8
0.000000	0.125000	0.125000	0
0.000000	0.125000	0.125000	1
t = 0.100000	N = 8
65833.556622	0.031533	65833.588155	0
64783.100885	0.022968	64783.123853	1
t = 0.200000	N = 8
78053.087196	0.014474	78053.101670	0
58758.293125	0.012304	58758.305429	1
t = 0.300000	N = 8
41215.126188	0.012712	41215.138900	0
54136.975845	0.007745	54136.983590	1
t = 0.400000	N = 8
33636.909805	0.017682	33636.927487	0
30833.582432	0.014617	30833.597049	1
t = 0.500000	N = 8
108164.321782	0.010040	108164.331822	0
38443.271536	0.007426	38443.278962	1
t = 0.600000	N = 8
148371.160688	0.027019	148371.187707	0
47134.638880	0.023409	47134.662288	1
t = 0.700000	N = 8
83655.786208	0.011166	83655.797374	0
123400.941659	0.018153	123400.959812	1
t = 0.800000	N = 8
54559.005389	0.021417	54559.026806	0
61100.092617	0.009582	61100.102200	1
t = 0.900000	N = 8
116586.411827	0.022559	116586.434386	0
99915.008132	0.009410	99915.017542	1
t = 1.000000	N = 8
130577.302405	0.012765	130577.315170	0
58755.144728	0.010965	58755.155693	1
t = 1.100000	N = 8
55718.985480	0.006660	55718.992140	0
87174.983326	0.016984	87175.000311	1
t = 1.200000	N = 8
85516.199906	0.026387	85516.226293	0
62489.673924	0.025201	62489.699126	1
t = 1.300000	N = 8
57678.297230	0.010953	57678.308183	0
30235.852602	0.012913	30235.865515	1
t = 1.400000	N = 8
114991.058185	0.010712	114991.068898	0
113929.040196	0.021379	113929.061575	1
t = 1.500000	N = 8
78186.622009	0.010091	78186.632100	0
70884.698507	0.006137	70884.704644	1
t = 1.600000	N = 8
47875.073373	0.012977	47875.086350	0
41669.702503	0.009616	41669.712120	1
t = 1.700000	N = 8
172592.205189	0.005571	172592.210760	0
189269.468052	0.012468	189269.480520	1
t = 1.800000	N = 8
58789.698327	0.012475	58789.710802	0
30235.294264	0.010260	30235.304524	1
t = 1.900000	N = 8
167550.053841	0.008523	167550.062364	0
164497.107937	0.010152	164497.118089	1
t = 2.000000	N = 8
42541.587702	0.013257	42541.600959	0
46747.839399	0.023022	46747.862421	1
t = 2.100000	N = 8
104313.734749	0.020640	104313.755389	0
92539.913136	0.011043	92539.924179	1
t = 2.200000	N = 8
58879.073452	0.006599	58879.080051	0
58656.906647	0.013084	58656.919732	1
t = 2.300000	N = 8
59011.084454	0.021484	59011.105938	0
87256.689861	0.009532	87256.699392	1
t = 2.400000	N = 8
92653.516290	0.006741	92653.523031	0
150184.832608	0.019215	150184.851824	1
t = 2.500000	N = 8
38853.805008	0.013964	38853.818972	0
49083.302791	0.032752	49083.335543	1
t = 2.600000	N = 8
92195.566315	0.009440	92195.575755	0
184442.145460	0.011654	184442.157114	1
t = 2.700000	N = 8
127321.310895	0.020836	127321.331731	0
35671.628660	0.008747	35671.637407	1
t = 2.800000	N = 8
16732.470566	0.013844	16732.484410	0
25481.650675	0.009224	25481.659900	1
t = 2.900000	N = 8
86330.042933	0.013790	86330.056723	0
26286.830642	0.009398	26286.840040	1
t = 3.000000	N = 8
73610.279789	0.029384	73610.309174	0
52701.906123	0.016448	52701.922571	1
t = 3.100000	N = 8
116085.934660	0.020203	116085.954863	0
74601.198382	0.008946	74601.207328	1
t = 3.200000	N = 8
80921.132847	0.015327	80921.148175	0
27913.467685	0.013249	27913.480934	1
t = 3.300000	N = 8
74451.987915	0.013680	74452.001596	0
107653.616023	0.012597	107653.628620	1
t = 3.400000	N = 8
91519.108468	0.014014	91519.122482	0
83942.187681	0.010184	83942.197865	1
t = 3.500000	N = 8
86627.954216	0.005104	86627.959320	0
307658.128049	0.024303	307658.152352	1
t = 3.600000	N = 8
82599.804809	0.017522	82599.822331	0
53248.433943	0.008368	53248.442312	1
t = 3.700000	N = 8
41794.065743	0.012518	41794.078261	0
109685.257501	0.012458	109685.269958	1
t = 3.800000	N = 8
70816.337052	0.007429	70816.344480	0
53922.647113	0.023685	53922.670799	1
t = 3.900000	N = 8
137367.025022	0.014632	137367.039655	0
145403.541454	0.015086	145403.556540	1
t = 4.000000	N = 8
74641.951330	0.016467	74641.967797	0
85668.891365	0.022195	85668.913560	1
t = 4.100000	N = 8
90417.292500	0.005492	90417.297991	0
77170.510077	0.006720	77170.516797	1
t = 4.200000	N = 8
26306.007850	0.007758	26306.015608	0
159187.673970	0.014742	159187.688712	1
t = 4.300000	N = 8
139233.541285	0.012930	139233.554215	0
99600.101544	0.003619	99600.105163	1
t = 4.400000	N = 8
107874.478188	0.018609	107874.496797	0
47644.750454	0.005227	47644.755681	1
t = 4.500000	N = 8
113405.125375	0.006786	113405.132161	0
83283.102542	0.005752	83283.108294	1
t = 4.600000	N = 8
80727.910012	0.008892	80727.918904	0
116218.049537	0.005608	116218.055145	1
t = 4.700000	N = 8
60940.748037	0.008282	60940.756319	0
37976.845155	0.003697	37976.848852	1
t = 4.800000	N = 8
154365.260842	0.019197	154365.280039	0
171364.639904	0.015820	171364.655724	1
t = 4.900000	N = 8
28099.542506	0.024037	28099.566544	0
100831.242474	0.006738	100831.249212	1
t = 5.000000	N = 8
81704.992458	0.013493	81705.005952	0
150055.583467	0.018884	150055.602351	1
t = 5.100000	N = 8
57540.482607	0.014470	57540.497077	0
51917.800892	0.013249	51917.814141	1
t = 5.200000	N = 8
71514.925365	0.005001	71514.930366	0
79766.581109	0.014430	79766.595539	1
t = 5.300000	N = 8
96047.977527	0.006598	96047.984125	0
112674.913194	0.019722	112674.932916	1
t = 5.400000	N = 8
134135.775027	0.024457	134135.799484	0
78032.850326	0.008333	78032.858659	1
t = 5.500000	N = 8
65268.950552	0.021524	65268.972077	0
99119.689576	0.012802	99119.702378	1
t = 5.600000	N = 8
160479.696508	0.007527	160479.704035	0
19626.028201	0.023255	19626.051456	1
t = 5.700000	N = 8
80076.554552	0.004593	80076.559145	0
62605.997030	0.006309	62606.003339	1
t = 5.800000	N = 8
102649.099841	0.014042	102649.113883	0
59270.526151	0.016181	59270.542332	1
t = 5.900000	N = 8
49631.415970	0.021850	49631.437820	0
86789.337456	0.010605	86789.348061	1
t = 6.000000	N = 8
163607.214164	0.023077	163607.237241	0
120710.309690	0.019151	120710.328840	1
t = 6.100000	N = 8
35255.151227	0.011938	35255.163165	0
25355.307351	0.021757	25355.329108	1
t = 6.200000	N = 8
60574.963551	0.013115	60574.976666	0
91792.842781	0.011979	91792.854760	1
t = 6.300000	N = 8
50229.648226	0.021789	50229.670015	0
70888.086290	0.028949	70888.115239	1
t = 6.400000	N = 8
44380.742752	0.012087	44380.754839	0
95758.541076	0.029053	95758.570130	1
t = 6.500000	N = 8
138964.345706	0.013425	138964.359131	0
119612.244721	0.003622	119612.248343	1
t = 6.600000	N = 8
167557.721544	0.014435	167557.735979	0
73171.123554	0.014001	73171.137555	1
t = 6.700000	N = 8
67775.034518	0.024187	67775.058705	0
67044.165083	0.004007	67044.169090	1
t = 6.800000	N = 8
89962.906507	0.010212	89962.916720	0
64960.697034	0.007279	64960.704314	1
t = 6.900000	N = 8
123444.340294	0.011029	123444.351322	0
188988.764330	0.010550	188988.774880	1
t = 7.000000	N = 8
51034.622185	0.009094	51034.631278	0
78460.066487	0.020814	78460.087300	1
t = 7.100000	N = 8
85363.334060	0.019356	85363.353416	0
65297.215524	0.026458	65297.241982	1
t = 7.200000	N = 8
48935.356423	0.012445	48935.368868	0
60200.214933	0.006234	60200.221167	1
t = 7.300000	N = 8
64400.583431	0.031823	64400.615255	0
66112.987779	0.023801	66113.011580	1
t = 7.400000	N = 8
136910.539853	0.009847	136910.549700	0
58857.645973	0.011982	58857.657955	1
t = 7.500000	N = 8
155605.728217	0.011422	155605.739639	0
31069.322880	0.015748	31069.338628	1
t = 7.600000	N = 8
67480.484911	0.024201	67480.509112	0
95957.992892	0.012995	95958.005887	1
t = 7.700000	N = 8
122254.277453	0.029634	122254.307088	0
41719.638870	0.019797	41719.658667	1
t = 7.800000	N = 8
45702.311046	0.016494	45702.327541	0
108296.620493	0.001803	108296.622295	1
t = 7.900000	N = 8
73461.095444	0.017991	73461.113436	0
93450.732613	0.008843	93450.741456	1
t = 8.000000	N = 8
60789.362372	0.004283	60789.366655	0
97237.913129	0.007884	97237.921014	1
t = 8.100000	N = 8
74791.001143	0.014521	74791.015664	0
139622.354078	0.016699	139622.370777	1
t = 8.200000	N = 8
65262.020464	0.005455	65262.025919	0
122832.451331	0.019027	122832.470358	1
t = 8.300000	N = 8
72152.117123	0.005066	72152.122189	0
67758.159354	0.024959	67758.184313	1
t = 8.400000	N = 8
42419.527287	0.016567	42419.543854	0
45279.098416	0.008564	45279.106981	1
t = 8.500000	N = 8
67738.309917	0.010148	67738.320065	0
105462.441501	0.034515	105462.476016	1
t = 8.600000	N = 8
78119.960972	0.014563	78119.975535	0
93609.707280	0.021925	93609.729204	1
t = 8.700000	N = 8
37362.661071	0.016064	37362.677136	0
108046.062999	0.003450	108046.066449	1
t = 8.800000	N = 8
79735.539414	0.011815	79735.551229	0
84578.432348	0.020206	84578.452554	1
t = 8.900000	N = 8
26973.427543	0.010347	26973.437890	0
56626.720731	0.014633	56626.735363	1
t = 9.000000	N = 8
80596.365249	0.027451	80596.392700	0
66669.281313	0.032869	66669.314182	1
t = 9.100000	N = 8
141240.187273	0.014502	141240.201776	0
64684.811181	0.030093	64684.841274	1
t = 9.200000	N = 8
82525.189878	0.012031	82525.201908	0
80579.296786	0.006571	80579.303357	1
t = 9.300000	N = 8
55887.660866	0.007726	55887.668593	0
93057.290218	0.005115	93057.295333	1
t = 9.400000	N = 8
52944.380696	0.015406	52944.396102	0
41298.975481	0.014877	41298.990358	1
t = 9.500000	N = 8
114595.689304	0.009736	114595.699041	0
65856.083547	0.026286	65856.109833	1
t = 9.600000	N = 8
99678.889721	0.005472	99678.895193	0
55486.831630	0.008364	55486.839994	1
t = 9.700000	N = 8
184841.126321	0.011649	184841.137970	0
116978.445639	0.012035	116978.457674	1
t = 9.800000	N = 8
39312.719925	0.006423	39312.726348	0
67492.836256	0.036199	67492.872455	1
t = 9.900000	N = 8
80749.788954	0.012061	80749.801015	0
31609.160227	0.021527	31609.181753	1
t = 10.000000	N = 8
67445.764165	0.007844	67445.772008	0
84671.012590	0.005382	84671.017972	1
t = 10.100000	N = 8
51927.326010	0.026823	51927.352833	0
50488.963700	0.025386	50488.989086	1
t = 10.200000	N = 8
74136.090768	0.028620	74136.119388	0
85114.168669	0.008225	85114.176894	1
t = 10.300000	N = 8
69073.806474	0.017693	69073.824167	0
60994.043893	0.006555	60994.050448	1
t = 10.400000	N = 8
120535.305076	0.011911	120535.316987	0
82450.126888	0.005520	82450.132408	1
t = 10.500000	N = 8
77474.561556	0.017027	77474.578583	0
165938.005145	0.006420	165938.011565	1
t = 10.600000	N = 8
38381.350679	0.003331	38381.354010	0
133967.566237	0.011862	133967.578099	1
t = 10.700000	N = 8
53175.457534	0.004760	53175.462295	0
67570.731774	0.011450	67570.743225	1
t = 10.800000	N = 8
54971.337504	0.003941	54971.341445	0
41500.464036	0.010709	41500.474745	1
t = 10.900000	N = 8
37143.258661	0.006726	37143.265386	0
52550.281004	0.007332	52550.288336	1
t = 11.000000	N = 8
100704.332964	0.006188	100704.339153	0
145125.967917	0.019710	145125.987627	1
t = 11.100000	N = 8
64786.132050	0.005328	64786.137378	0
104827.631470	0.012889	104827.644359	1
t = 11.200000	N = 8
74572.739779	0.024366	74572.764145	0
88485.774440	0.027864	88485.802304	1
t = 11.300000	N = 8
35471.685874	0.009700	35471.695574	0
64939.500700	0.019843	64939.520543	1
t = 11.400000	N = 8
114399.634692	0.016466	114399.651157	0
90808.181341	0.022208	90808.203549	1
t = 11.500000	N = 8
103640.799952	0.015858	103640.815810	0
104660.724078	0.019435	104660.743513	1
t = 11.600000	N = 8
99471.141360	0.012957	99471.154317	0
31746.029013	0.006308	31746.035321	1
t = 11.700000	N = 8
60169.328253	0.022159	60169.350413	0
98534.642120	0.040557	98534.682677	1
t = 11.800000	N = 8
50172.579220	0.011371	50172.590592	0
69210.076400	0.006122	69210.082522	1
t = 11.900000	N = 8
45901.125204	0.015768	45901.140972	0
72271.442517	0.005694	72271.448211	1
t = 12.000000	N = 8
48110.126317	0.014726	48110.141043	0
22731.981679	0.011833	22731.993512	1
t = 12.100000	N = 8
141742.378366	0.006899	141742.385265	0
127108.720925	0.020861	127108.741785	1
t = 12.200000	N = 8
34120.358759	0.012550	34120.371308	0
63145.597534	0.012550	63145.610084	1
t = 12.300000	N = 8
96578.251165	0.005025	96578.256190	0
102093.087146	0.011068	102093.098214	1
t = 12.400000	N = 8
45350.743820	0.009003	45350.752824	0
50090.238218	0.009646	50090.247865	1
t = 12.500000	N = 8
224140.273029	0.024364	224140.297393	0
56032.714868	0.021731	56032.736598	1
t = 12.600000	N = 8
97842.104327	0.010440	97842.114766	0
29827.022136	0.015094	29827.037230	1
t = 12.700000	N = 8
54582.513105	0.015121	54582.528226	0
36995.518386	0.012010	36995.530396	1
t = 12.800000	N = 8
55588.796297	0.014609	55588.810907	0
93826.451346	0.010103	93826.461449	1
t = 12.900000	N = 8
48552.160589	0.006138	48552.166727	0
29563.473177	0.011902	29563.485079	1
t = 13.000000	N = 8
124332.432443	0.011376	124332.443819	0
112457.894732	0.008514	112457.903245	1
t = 13.100000	N = 8
161870.350107	0.017605	161870.367712	0
51453.353631	0.016833	51453.370464	1
t = 13.200000	N = 8
37082.698354	0.011567	37082.709921	0
72253.635510	0.020213	72253.655723	1
t = 13.300000	N = 8
76892.809247	0.031503	76892.840750	0
76485.230345	0.024691	76485.255037	1
t = 13.400000	N = 8
71147.313190	0.009240	71147.322431	0
126887.111680	0.016807	126887.128487	1
t = 13.500000	N = 8
57749.015720	0.016453	57749.032173	0
115345.699960	0.015680	115345.715640	1
t = 13.600000	N = 8
51419.287571	0.005663	51419.293234	0
173258.393860	0.015601	173258.409461	1
t = 13.700000	N = 8
187555.232427	0.012788	187555.245215	0
71663.141339	0.017166	71663.158505	1
t = 13.800000	N = 8
56995.747062	0.003006	56995.750068	0
49933.714432	0.025649	49933.740081	1
t = 13.900000	N = 8
110025.725044	0.009808	110025.734853	0
91661.920116	0.007153	91661.927269	1
t = 14.000000	N = 8
36394.220806	0.008748	36394.229554	0
88853.414841	0.007744	88853.422585	1
t = 14.100000	N = 8
19377.346159	0.027499	19377.373658	0
69925.771294	0.009229	69925.780523	1
t = 14.200000	N = 8
98114.802168	0.016250	98114.818418	0
130116.691949	0.001701	130116.693650	1
t = 14.300000	N = 8
106929.664329	0.010541	106929.674870	0
108064.478915	0.014078	108064.492994	1
t = 14.400000	N = 8
94687.015380	0.016961	94687.032341	0
94040.697804	0.030647	94040.728451	1
t = 14.500000	N = 8
67717.937942	0.004556	67717.942499	0
92520.534423	0.029358	92520.563781	1
t = 14.600000	N = 8
94989.012586	0.006351	94989.018937	0
116560.555028	0.025997	116560.581025	1
t = 14.700000	N = 8
109383.563188	0.008706	109383.571894	0
50458.485625	0.007990	50458.493615	1
t = 14.800000	N = 8
104721.351455	0.007321	104721.358776	0
150779.960182	0.012538	150779.972721	1
t = 14.900000	N = 8
102977.949542	0.008000	102977.957541	0
51186.610544	0.021641	51186.632185	1
t = 15.000000	N = 8
43892.164558	0.007651	43892.172210	0
89650.920750	0.006627	89650.927377	1
t = 15.100000	N = 8
61013.213998	0.007686	61013.221685	0
48946.176018	0.027947	48946.203965	1
t = 15.200000	N = 8
67301.629430	0.028688	67301.658119	0
61668.697612	0.007429	61668.705041	1
t = 15.300000	N = 8
127781.120557	0.011518	127781.132075	0
66892.363163	0.010795	66892.373958	1
t = 15.400000	N = 8
71319.521186	0.005897	71319.527082	0
124596.227255	0.006605	124596.233861	1
t = 15.500000	N = 8
168860.361533	0.012734	168860.374268	0
115863.068426	0.009045	115863.077470	1
t = 15.600000	N = 8
42364.497657	0.008710	42364.506367	0
88915.343456	0.007176	88915.350632	1
t = 15.700000	N = 8
55517.553849	0.008967	55517.562816	0
79736.104581	0.013124	79736.117704	1
t = 15.800000	N = 8
137019.876658	0.031631	137019.908289	0
111149.791388	0.005988	111149.797375	1
t = 15.900000	N = 8
62581.063491	0.014055	62581.077546	0
97916.463720	0.011235	97916.474955	1
t = 16.000000	N = 8
64182.770069	0.009526	64182.779596	0
91983.337078	0.009395	91983.346474	1
t = 16.100000	N = 8
127158.791105	0.017802	127158.808907	0
83647.651109	0.012620	83647.663729	1
t = 16.200000	N = 8
131131.138334	0.014950	131131.153283	0
53891.063387	0.034016	53891.097403	1
t = 16.300000	N = 8
92568.868940	0.019345	92568.888285	0
86572.422474	0.006435	86572.428909	1
t = 16.400000	N = 8
75367.599239	0.015725	75367.614965	0
61637.106313	0.016668	61637.122982	1
t = 16.500000	N = 8
53169.829682	0.008346	53169.838027	0
201896.443393	0.051846	201896.495239	1
t = 16.600000	N = 8
89099.515188	0.014591	89099.529779	0
89951.476092	0.021262	89951.497354	1
t = 16.700000	N = 8
44319.147896	0.006706	44319.154601	0
25808.311178	0.016897	25808.328075	1
t = 16.800000	N = 8
102092.988408	0.011543	102092.999951	0
64025.896162	0.002581	64025.898743	1
t = 16.900000	N = 8
54448.945254	0.007525	54448.952778	0
47286.429646	0.009001	47286.438647	1
t = 17.000000	N = 8
101140.470009	0.023543	101140.493552	0
16315.063091	0.008288	16315.071379	1
t = 17.100000	N = 8
53864.824825	0.025217	53864.850042	0
88780.379774	0.014830	88780.394603	1
t = 17.200000	N = 8
187403.830278	0.007887	187403.838165	0
70058.555464	0.020030	70058.575493	1
t = 17.300000	N = 8
122440.383945	0.003303	122440.387248	0
80703.622256	0.011632	80703.633889	1
t = 17.400000	N = 8
48504.734748	0.011850	48504.746598	0
140129.513194	0.016400	140129.529593	1
t = 17.500000	N = 8
81743.715572	0.007821	81743.723393	0
174202.467591	0.013290	174202.480881	1
t = 17.600000	N = 8
118645.810640	0.010884	118645.821525	0
70741.633925	0.026791	70741.660715	1
t = 17.700000	N = 8
80937.087226	0.016213	80937.103439	0
95435.925465	0.018424	95435.943889	1
t = 17.800000	N = 8
89070.700436	0.026520	89070.726955	0
56512.573470	0.006852	56512.580322	1
t = 17.900000	N = 8
80716.253991	0.014511	80716.268502	0
82718.380360	0.008092	82718.388452	1
t = 18.000000	N = 8
92900.247502	0.014150	92900.261652	0
99778.585820	0.010747	99778.596567	1
t = 18.100000	N = 8
95707.212288	0.015575	95707.227864	0
58182.415305	0.012916	58182.428221	1
t = 18.200000	N = 8
73141.561888	0.006266	73141.568153	0
102131.621976	0.007065	102131.629041	1
t = 18.300000	N = 8
33331.730425	0.011188	33331.741613	0
43877.365887	0.030093	43877.395980	1
t = 18.400000	N = 8
167403.496738	0.013654	167403.510392	0
49487.096084	0.024183	49487.120267	1
t = 18.500000	N = 8
43535.389046	0.003493	43535.392540	0
46052.819500	0.008596	46052.828096	1
t = 18.600000	N = 8
65836.294790	0.008821	65836.303612	0
100197.913907	0.015825	100197.929732	1
t = 18.700000	N = 8
35338.347276	0.005282	35338.352558	0
75796.399814	0.007228	75796.407042	1
t = 18.800000	N = 8
67263.493889	0.026756	67263.520646	0
94096.744354	0.009082	94096.753436	1
t = 18.900000	N = 8
88763.429361	0.018933	88763.448294	0
76431.032458	0.020663	76431.053121	1
t = 19.000000	N = 8
122529.518994	0.011090	122529.530084	0
63995.044753	0.015327	63995.060080	1
t = 19.100000	N = 8
162734.039298	0.005771	162734.045069	0
41044.721112	0.013668	41044.734780	1
t = 19.200000	N = 8
71950.437047	0.019042	71950.456090	0
102126.032041	0.020233	102126.052274	1
t = 19.300000	N = 8
42461.510894	0.020108	42461.531001	0
103685.694837	0.015073	103685.709910	1
t = 19.400000	N = 8
154171.137725	0.017516	154171.155241	0
89784.632146	0.009421	89784.641567	1
t = 19.500000	N = 8
78698.202862	0.008467	78698.211329	0
63385.920832	0.007537	63385.928368	1
t = 19.600000	N = 8
71949.566314	0.010314	71949.576628	0
103153.065573	0.021814	103153.087387	1
t = 19.700000	N = 8
56176.590085	0.029014	56176.619099	0
86941.503445	0.008300	86941.511745	1
t = 19.800000	N = 8
33931.754899	0.018144	33931.773043	0
57180.088125	0.027999	57180.116124	1
t = 19.900000	N = 8
84750.936314	0.010022	84750.946336	0
131660.712889	0.028337	131660.741227	1
t = 20.000000	N = 8
97096.025469	0.022624	97096.048093	0
119148.996884	0.006399	119149.003283	1
t = 20.100000	N = 8
158567.235652	0.008592	158567.244244	0
103234.131853	0.006287	103234.138141	1
t = 20.200000	N = 8
18146.370327	0.025293	18146.395620	0
92871.677971	0.016653	92871.694625	1
t = 20.300000	N = 8
67330.079706	0.015072	67330.094778	0
132806.535289	0.012149	132806.547438	1
t = 20.400000	N = 8
120940.707986	0.002871	120940.710857	0
123323.086710	0.016957	123323.103667	1
t = 20.500000	N = 8
78821.385593	0.011273	78821.396866	0
81371.653322	0.010091	81371.663413	1
t = 20.600000	N = 8
41290.669419	0.008413	41290.677832	0
86971.960818	0.010596	86971.971413	1
t = 20.700000	N = 8
140776.460197	0.017084	140776.477281	0
57009.403302	0.013838	57009.417140	1
t = 20.800000	N = 8
91804.433151	0.019822	91804.452974	0
139738.067340	0.007477	139738.074817	1
t = 20.900000	N = 8
125135.132130	0.013783	125135.145914	0
75206.785882	0.018269	75206.804151	1
t = 21.000000	N = 8
50027.193708	0.012827	50027.206534	0
28671.079891	0.012233	28671.092124	1
t = 21.100000	N = 8
62227.892499	0.024228	62227.916727	0
142910.509157	0.006026	142910.515183	1
t = 21.200000	N = 8
109880.870128	0.014773	109880.884902	0
101281.889982	0.006212	101281.896194	1
t = 21.300000	N = 8
46889.453042	0.024926	46889.477969	0
55017.130374	0.016753	55017.147128	1
t = 21.400000	N = 8
65353.444305	0.015304	65353.459609	0
139618.082815	0.006735	139618.089551	1
t = 21.500000	N = 8
68074.504835	0.022733	68074.527568	0
172175.622839	0.017068	172175.639907	1
t = 21.600000	N = 8
164474.138894	0.001898	164474.140792	0
68001.381669	0.005778	68001.387447	1
t = 21.700000	N = 8
55774.004051	0.006198	55774.010249	0
115981.043510	0.013868	115981.057378	1
t = 21.800000	N = 8
34374.253570	0.016205	34374.269775	0
51420.813192	0.002773	51420.815964	1
t = 21.900000	N = 8
59311.086022	0.008275	59311.094296	0
96849.811100	0.013970	96849.825070	1
t = 22.000000	N = 8
66136.099045	0.011110	66136.110155	0
47964.444005	0.016909	47964.460913	1
t = 22.100000	N = 8
34101.662458	0.006790	34101.669249	0
104219.432774	0.008340	104219.441115	1
t = 22.200000	N = 8
64881.600208	0.012073	64881.612281	0
40252.119382	0.036500	40252.155881	1
t = 22.300000	N = 8
79710.017661	0.011765	79710.029425	0
107047.456446	0.013151	107047.469597	1
t = 22.400000	N = 8
79281.329989	0.021947	79281.351936	0
110130.152151	0.009816	110130.161967	1
t = 22.500000	N = 8
60806.005537	0.003229	60806.008765	0
48215.696980	0.007521	48215.704501	1
t = 22.600000	N = 8
53218.099715	0.012994	53218.112710	0
61328.565826	0.022916	61328.588742	1
t = 22.700000	N = 8
66340.456042	0.017161	66340.473203	0
113818.859956	0.033177	113818.893133	1
t = 22.800000	N = 8
75194.924990	0.025319	75194.950309	0
32191.655558	0.017117	32191.672675	1
t = 22.900000	N = 8
29056.798485	0.013566	29056.812051	0
43572.895763	0.004609	43572.900372	1
t = 23.000000	N = 8
75007.820621	0.015102	75007.835723	0
98251.532245	0.019470	98251.551715	1
t = 23.100000	N = 8
179837.724052	0.002482	179837.726534	0
100113.661479	0.015478	100113.676958	1
t = 23.200000	N = 8
82583.015387	0.010504	82583.025891	0
71357.778788	0.020182	71357.798970	1
t = 23.300000	N = 8
62515.302209	0.006561	62515.308769	0
68646.908864	0.010934	68646.919798	1
t = 23.400000	N = 8
74898.052025	0.026832	74898.078857	0
152243.705510	0.020792	152243.726303	1
t = 23.500000	N = 8
77276.830457	0.010198	77276.840656	0
151758.127209	0.031125	151758.158334	1
t = 23.600000	N = 8
89359.245925	0.004864	89359.250788	0
84770.458468	0.007452	84770.465919	1
t = 23.700000	N = 8
154681.660004	0.039723	154681.699728	0
45022.134627	0.019661	45022.154288	1
t = 23.800000	N = 8
155458.885207	0.019521	155458.904727	0
107626.961274	0.018360	107626.979633	1
t = 23.900000	N = 8
54762.895265	0.007171	54762.902436	0
153287.848112	0.007645	153287.855758	1
t = 24.000000	N = 8
35842.789466	0.023010	35842.812476	0
54794.366533	0.009742	54794.376275	1
t = 24.100000	N = 8
82441.608322	0.008459	82441.616782	0
81583.197400	0.003723	81583.201123	1
t = 24.200000	N = 8
42010.136293	0.006492	42010.142785	0
92914.173262	0.013065	92914.186327	1
t = 24.300000	N = 8
140015.537452	0.017184	140015.554636	0
118350.301774	0.008647	118350.310422	1
t = 24.400000	N = 8
73353.657948	0.035486	73353.693434	0
44758.608901	0.011579	44758.620479	1
t = 24.500000	N = 8
106767.246764	0.015851	106767.262615	0
46895.632067	0.018471	46895.650538	1
t = 24.600000	N = 8
33465.282897	0.027526	33465.310424	0
40529.895027	0.010401	40529.905428	1
t = 24.700000	N = 8
32517.210040	0.011334	32517.221375	0
61707.468559	0.022367	61707.490925	1
t = 24.800000	N = 8
136434.011859	0.012345	136434.024204	0
68681.971895	0.017375	68681.989270	1
t = 24.900000	N = 8
93259.171650	0.024288	93259.195937	0
168182.356725	0.006893	168182.363618	1
t = 25.000000	N = 8
32850.944874	0.025931	32850.970805	0
20978.500837	0.030369	20978.531206	1
t = 25.100000	N = 8
103970.559610	0.004171	103970.563781	0
127613.405109	0.005216	127613.410325	1
t = 25.200000	N = 8
63724.302026	0.022776	63724.324802	0
53934.116165	0.010689	53934.126854	1
t = 25.300000	N = 8
49880.705386	0.010170	49880.715556	0
55091.300266	0.020142	55091.320408	1
t = 25.400000	N = 8
209675.813330	0.008910	209675.822240	0
135437.523625	0.013747	135437.537372	1
t = 25.500000	N = 8
180664.622935	0.006786	180664.629721	0
29320.190424	0.008732	29320.199156	1
t = 25.600000	N = 8
107554.314416	0.006979	107554.321394	0
33444.799725	0.015401	33444.815126	1
t = 25.700000	N = 8
93065.965376	0.027305	93065.992681	0
93935.993457	0.015535	93936.008992	1
t = 25.800000	N = 8
106710.555423	0.010346	106710.565769	0
116639.204136	0.017144	116639.221280	1
t = 25.900000	N = 8
46599.013139	0.012962	46599.026101	0
45527.167869	0.010618	45527.178486	1
t = 26.000000	N = 8
73752.699308	0.009639	73752.708946	0
94871.987579	0.007573	94871.995152	1
t = 26.100000	N = 8
51732.119467	0.009944	51732.129410	0
48360.978892	0.016892	48360.995785	1
t = 26.200000	N = 8
48628.225903	0.010601	48628.236504	0
124045.528581	0.006238	124045.534819	1
t = 26.300000	N = 8
72953.571451	0.011340	72953.582791	0
111820.333455	0.009365	111820.342820	1
t = 26.400000	N = 8
69670.983566	0.015477	69670.999043	0
42057.700500	0.003371	42057.703871	1
t = 26.500000	N = 8
119423.285339	0.008542	119423.293880	0
73467.790535	0.010706	73467.801241	1
t = 26.600000	N = 8
192444.107778	0.020029	192444.127807	0
82639.641452	0.020411	82639.661863	1
t = 26.700000	N = 8
46829.176818	0.005442	46829.182259	0
51412.346577	0.007156	51412.353733	1
t = 26.800000	N = 8
113434.415255	0.009358	113434.424613	0
101467.113686	0.010807	101467.124493	1
t = 26.900000	N = 8
94825.390143	0.007760	94825.397903	0
68947.428199	0.012724	68947.440922	1
t = 27.000000	N = 8
97395.259290	0.015573	97395.274864	0
34552.463688	0.006264	34552.469952	1
t = 27.100000	N = 8
132680.821297	0.007809	132680.829106	0
120896.577810	0.010104	120896.587914	1
t = 27.200000	N = 8
73000.604302	0.014699	73000.619000	0
101989.164052	0.016806	101989.180858	1
t = 27.300000	N = 8
112885.344814	0.009862	112885.354676	0
207549.001387	0.012185	207549.013572	1
t = 27.400000	N = 8
99593.666940	0.008326	99593.675265	0
102990.919723	0.019017	102990.938740	1
t = 27.500000	N = 8
44864.932246	0.008283	44864.940529	0
80670.895361	0.025731	80670.921092	1
t = 27.600000	N = 8
75647.319331	0.023625	75647.342956	0
98616.183110	0.007605	98616.190715	1
t = 27.700000	N = 8
97922.532699	0.021942	97922.554641	0
137296.538477	0.009104	137296.547581	1
t = 27.800000	N = 8
63374.246462	0.024666	63374.271127	0
128032.588696	0.017821	128032.606517	1
t = 27.900000	N = 8
58259.225831	0.012760	58259.238591	0
40328.744898	0.009995	40328.754893	1
t = 28.000000	N = 8
96359.513539	0.019407	96359.532946	0
64853.374188	0.014454	64853.388642	1
t = 28.100000	N = 8
113865.467768	0.001857	113865.469625	0
76064.445627	0.033258	76064.478884	1
t = 28.200000	N = 8
23822.426363	0.003513	23822.429876	0
58684.734915	0.026136	58684.761051	1
t = 28.300000	N = 8
55680.767505	0.007490	55680.774995	0
103266.941514	0.019355	103266.960869	1
t = 28.400000	N = 8
100458.068104	0.022981	100458.091085	0
67175.634265	0.007159	67175.641425	1
t = 28.500000	N = 8
105299.421796	0.032812	105299.454608	0
95591.736677	0.009908	95591.746585	1
t = 28.600000	N = 8
121866.461510	0.019326	121866.480836	0
43458.851723	0.033290	43458.885014	1
t = 28.700000	N = 8
35412.510042	0.021232	35412.531273	0
51422.217936	0.009745	51422.227681	1
t = 28.800000	N = 8
35024.805243	0.008933	35024.814176	0
115464.943333	0.005806	115464.949139	1
t = 28.900000	N = 8
54464.092321	0.007649	54464.099970	0
42920.802924	0.007380	42920.810304	1
t = 29.000000	N = 8
191739.221642	0.004904	191739.226546	0
32546.060449	0.005806	32546.066255	1
t = 29.100000	N = 8
68092.550071	0.015111	68092.565181	0
186488.919738	0.009875	186488.929612	1
t = 29.200000	N = 8
145386.844846	0.006243	145386.851089	0
79814.917937	0.012697	79814.930634	1
t = 29.300000	N = 8
125299.347518	0.015675	125299.363194	0
82669.675705	0.007674	82669.683379	1
t = 29.400000	N = 8
98912.626585	0.016457	98912.643043	0
92847.059752	0.011030	92847.070783	1
t = 29.500000	N = 8
75070.061487	0.016446	75070.077933	0
93591.995806	0.002603	93591.998409	1
t = 29.600000	N = 8
86410.419594	0.009845	86410.429439	0
66684.544637	0.009270	66684.553907	1
t = 29.700000	N = 8
119905.170118	0.018479	119905.188596	0
108526.357416	0.025701	108526.383117	1
t = 29.800000	N = 8
58794.040671	0.024468	58794.065139	0
34988.515678	0.006040	34988.521718	1
t = 29.900000	N = 8
64868.110941	0.012486	64868.123427	0
118124.229016	0.004935	118124.233952	1
t = 30.000000	N = 8
69701.456225	0.010978	69701.467203	0
68235.752283	0.016736	68235.769019	1
t = 30.100000	N = 8
69390.887088	0.030505	69390.917593	0
49522.122883	0.005306	49522.128189	1
t = 30.200000	N = 8
54518.988533	0.027034	54519.015567	0
103824.010631	0.006679	103824.017311	1
t = 30.300000	N = 8
57963.098580	0.009789	57963.108369	0
65851.710232	0.006619	65851.716851	1
t = 30.400000	N = 8
126105.680189	0.017852	126105.698041	0
82535.591519	0.007974	82535.599493	1
t = 30.500000	N = 8
38765.878415	0.015601	38765.894016	0
79236.880730	0.013206	79236.893936	1
t = 30.600000	N = 8
152642.807820	0.006390	152642.814210	0
165563.722385	0.009948	165563.732333	1
t = 30.700000	N = 8
71729.801636	0.009000	71729.810637	0
48953.041191	0.008924	48953.050115	1
t = 30.800000	N = 8
143109.864038	0.004414	143109.868452	0
73596.100136	0.020524	73596.120659	1
t = 30.900000	N = 8
56297.350463	0.015432	56297.365894	0
92403.975729	0.015735	92403.991464	1
t = 31.000000	N = 8
84883.009565	0.010830	84883.020396	0
90310.096246	0.010675	90310.106921	1
t = 31.100000	N = 8
185878.233560	0.016113	185878.249672	0
107816.743764	0.005364	107816.749129	1
t = 31.200000	N = 8
109083.566296	0.009893	109083.576189	0
95868.098841	0.007155	95868.105996	1
t = 31.300000	N = 8
87865.416084	0.007202	87865.423286	0
109697.285756	0.013082	109697.298838	1
t = 31.400000	N = 8
27546.876984	0.022498	27546.899483	0
97704.859990	0.011854	97704.871845	1
t = 31.500000	N = 8
98072.050644	0.013165	98072.063809	0
99063.745247	0.017043	99063.762290	1
t = 31.600000	N = 8
67864.610058	0.007215	67864.617273	0
37561.119434	0.003936	37561.123370	1
t = 31.700000	N = 8
33858.760882	0.023353	33858.784236	0
92580.140305	0.020678	92580.160984	1
t = 31.800000	N = 8
115274.572529	0.021051	115274.593580	0
172752.566798	0.002823	172752.569622	1
t = 31.900000	N = 8
46311.835828	0.007845	46311.843673	0
61105.671671	0.007761	61105.679432	1
t = 32.000000	N = 8
124923.566737	0.011680	124923.578417	0
120997.940124	0.007725	120997.947849	1
t = 32.100000	N = 8
151290.318174	0.027743	151290.345917	0
22698.671997	0.014292	22698.686289	1
t = 32.200000	N = 8
43353.757077	0.004931	43353.762008	0
21093.323985	0.033195	21093.357180	1
t = 32.300000	N = 8
111053.935344	0.009520	111053.944864	0
90632.653890	0.009090	90632.662980	1
t = 32.400000	N = 8
78944.957953	0.023029	78944.980982	0
70818.076875	0.015776	70818.092652	1
t = 32.500000	N = 8
96461.102214	0.015057	96461.117271	0
192241.990018	0.011700	192242.001718	1
t = 32.600000	N = 8
110829.567014	0.010412	110829.577425	0
102343.222409	0.023924	102343.246333	1
t = 32.700000	N = 8
149901.127389	0.007052	149901.134441	0
71641.303775	0.013704	71641.317479	1
t = 32.800000	N = 8
105075.706768	0.002825	105075.709592	0
103244.599713	0.008079	103244.607792	1
t = 32.900000	N = 8
66404.842386	0.005982	66404.848367	0
153845.923537	0.003665	153845.927201	1
t = 33.000000	N = 8
143017.058633	0.008562	143017.067194	0
106627.663573	0.014439	106627.678012	1
t = 33.100000	N = 8
16358.151257	0.027681	16358.178938	0
80237.363946	0.009113	80237.373059	1
t = 33.200000	N = 8
92869.089024	0.025491	92869.114515	0
154795.100165	0.006673	154795.106838	1
t = 33.300000	N = 8
108170.549763	0.009739	108170.559502	0
74463.528532	0.006086	74463.534618	1
t = 33.400000	N = 8
71192.847658	0.008707	71192.856365	0
64009.626935	0.008249	64009.635184	1
t = 33.500000	N = 8
50594.031777	0.010486	50594.042263	0
86557.167417	0.013430	86557.180847	1
t = 33.600000	N = 8
97435.698651	0.026426	97435.725077	0
102935.509842	0.016723	102935.526565	1
t = 33.700000	N = 8
192853.752456	0.026885	192853.779341	0
31016.850174	0.011114	31016.861288	1
t = 33.800000	N = 8
64980.339261	0.041909	64980.381169	0
82940.233686	0.017673	82940.251359	1
t = 33.900000	N = 8
89038.286436	0.016586	89038.303022	0
64384.365188	0.006451	64384.371639	1
t = 34.000000	N = 8
72363.553994	0.007462	72363.561456	0
145872.369425	0.014088	145872.383513	1
t = 34.100000	N = 8
80425.983580	0.020968	80426.004548	0
56458.641790	0.010233	56458.652022	1
t = 34.200000	N = 8
63248.500681	0.003941	63248.504622	0
131526.857221	0.005939	131526.863160	1
t = 34.300000	N = 8
51490.513019	0.004902	51490.517921	0
106117.581458	0.004170	106117.585627	1
t = 34.400000	N = 8
156310.406282	0.028569	156310.434850	0
77346.545232	0.010253	77346.555485	1
t = 34.500000	N = 8
119669.437670	0.009716	119669.447386	0
29946.496159	0.005048	29946.501207	1
t = 34.600000	N = 8
51658.368340	0.020158	51658.388499	0
53809.631749	0.017028	53809.648777	1
t = 34.700000	N = 8
136038.505100	0.014841	136038.519940	0
70283.978358	0.004683	70283.983041	1
t = 34.800000	N = 8
127979.626961	0.009346	127979.636307	0
64229.275689	0.011194	64229.286884	1
t = 34.900000	N = 8
61553.893248	0.007849	61553.901097	0
201091.811721	0.004455	201091.816176	1
t = 35.000000	N = 8
40098.507364	0.018078	40098.525442	0
39238.519238	0.001307	39238.520545	1
t = 35.100000	N = 8
138896.137986	0.004702	138896.142688	0
86111.056946	0.012330	86111.069276	1
t = 35.200000	N = 8
21334.086471	0.029924	21334.116395	0
55454.976740	0.011306	55454.988046	1
t = 35.300000	N = 8
76637.098990	0.006350	76637.105340	0
119017.124022	0.011466	119017.135488	1
t = 35.400000	N = 8
26334.832880	0.014380	26334.847260	0
40549.906240	0.004373	40549.910613	1
t = 35.500000	N = 8
80591.863630	0.013678	80591.877308	0
91039.257847	0.026315	91039.284163	1
t = 35.600000	N = 8
98026.914029	0.010685	98026.924714	0
49679.489039	0.012461	49679.501500	1
t = 35.700000	N = 8
93460.119915	0.010743	93460.130658	0
131783.244674	0.019374	131783.264048	1
t = 35.800000	N = 8
166858.725894	0.017887	166858.743782	0
94113.777884	0.025711	94113.803595	1
t = 35.900000	N = 8
137637.992758	0.006163	137637.998921	0
72617.353646	0.025085	72617.378731	1
t = 36.000000	N = 8
75669.745500	0.010223	75669.755723	0
118897.329862	0.017125	118897.346987	1
t = 36.100000	N = 8
59546.303899	0.011036	59546.314935	0
55656.318061	0.019064	55656.337125	1
t = 36.200000	N = 8
45351.780748	0.008744	45351.789492	0
44075.037194	0.014112	44075.051306	1
t = 36.300000	N = 8
87558.172083	0.031551	87558.203633	0
68677.190036	0.025785	68677.215821	1
t = 36.400000	N = 8
136412.017204	0.021476	136412.038680	0
78334.060535	0.016398	78334.076933	1
t = 36.500000	N = 8
49117.989120	0.019371	49118.008492	0
57809.849533	0.009133	57809.858666	1
t = 36.600000	N = 8
101952.922873	0.006120	101952.928993	0
89429.041638	0.005533	89429.047171	1
t = 36.700000	N = 8
38285.354394	0.013307	38285.367700	0
87748.721055	0.013739	87748.734794	1
t = 36.800000	N = 8
71958.593714	0.002716	71958.596430	0
39865.249542	0.009944	39865.259486	1
t = 36.900000	N = 8
130854.437227	0.023259	130854.460487	0
91229.055291	0.015039	91229.070330	1
t = 37.000000	N = 8
42425.249487	0.014024	42425.263510	0
117337.590618	0.039590	117337.630208	1
t = 37.100000	N = 8
69621.941268	0.007864	69621.949132	0
69305.326379	0.014324	69305.340703	1
t = 37.200000	N = 8
183151.859911	0.013000	183151.872911	0
68299.201706	0.013804	68299.215509	1
t = 37.300000	N = 8
67652.446735	0.006059	67652.452793	0
87178.206936	0.027026	87178.233962	1
t = 37.400000	N = 8
57539.092795	0.009589	57539.102384	0
71579.712433	0.025627	71579.738060	1
t = 37.500000	N = 8
169938.437822	0.007642	169938.445464	0
159346.663561	0.003356	159346.666916	1
t = 37.600000	N = 8
117006.884431	0.023400	117006.907831	0
72470.721128	0.006929	72470.728058	1
t = 37.700000	N = 8
75981.525037	0.005787	75981.530824	0
97969.374024	0.017077	97969.391101	1
t = 37.800000	N = 8
50048.778928	0.008059	50048.786987	0
69562.160964	0.012403	69562.173366	1
t = 37.900000	N = 8
55790.106622	0.012518	55790.119140	0
78081.578020	0.010024	78081.588045	1
t = 38.000000	N = 8
64643.476777	0.017233	64643.494010	0
57120.662926	0.011308	57120.674233	1
t = 38.100000	N = 8
36865.967725	0.018357	36865.986083	0
114866.059976	0.018209	114866.078185	1
t = 38.200000	N = 8
144721.057120	0.011457	144721.068577	0
56047.625173	0.014302	56047.639475	1
t = 38.300000	N = 8
141287.689384	0.012911	141287.702295	0
150185.598702	0.009726	150185.608427	1
t = 38.400000	N = 8
111527.231940	0.005751	111527.237691	0
27476.972320	0.016681	27476.989001	1
t = 38.500000	N = 8
35955.365399	0.017747	35955.383146	0
57707.855248	0.014412	57707.869660	1
t = 38.600000	N = 8
55616.721877	0.064781	55616.786658	0
96842.130601	0.011344	96842.141945	1
t = 38.700000	N = 8
43615.551893	0.012367	43615.564260	0
51606.902824	0.017726	51606.920550	1
t = 38.800000	N = 8
72040.852601	0.012390	72040.864991	0
32606.856482	0.008709	32606.865190	1
t = 38.900000	N = 8
147721.755256	0.012958	147721.768214	0
40822.356094	0.003502	40822.359596	1
t = 39.000000	N = 8
84596.088624	0.003738	84596.092362	0
78006.296170	0.011043	78006.307212	1
t = 39.100000	N = 8
70693.768560	0.011399	70693.779958	0
84690.133293	0.014379	84690.147672	1
t = 39.200000	N = 8
60404.973218	0.007355	60404.980573	0
92789.049158	0.005209	92789.054367	1
t = 39.300000	N = 8
64207.567113	0.019325	64207.586438	0
142080.114991	0.020035	142080.135026	1
t = 39.400000	N = 8
108307.075134	0.015375	108307.090509	0
128216.759247	0.010947	128216.770194	1
t = 39.500000	N = 8
66869.009855	0.005985	66869.015840	0
58879.658659	0.007607	58879.666266	1
t = 39.600000	N = 8
67838.225264	0.011223	67838.236487	0
70620.490057	0.009842	70620.499898	1
t = 39.700000	N = 8
86496.468101	0.017193	86496.485294	0
74952.019726	0.018118	74952.037845	1
t = 39.800000	N = 8
22060.733429	0.014594	22060.748023	0
128636.177994	0.014301	128636.192296	1
t = 39.900000	N = 8
34008.922608	0.004416	34008.927024	0
125639.510444	0.015639	125639.526083	1
t = 40.000000	N = 8
60023.324299	0.007109	60023.331408	0
29809.636917	0.004172	29809.641089	1
t = 40.100000	N = 8
53727.043116	0.013654	53727.056770	0
93690.295725	0.013816	93690.309541	1
t = 40.200000	N = 8
98659.497282	0.006273	98659.503556	0
61986.919183	0.023282	61986.942466	1
t = 40.300000	N = 8
62943.444905	0.014724	62943.459629	0
139095.330368	0.003525	139095.333893	1
t = 40.400000	N = 8
107501.891921	0.008900	107501.900821	0
28814.449949	0.018469	28814.468418	1
t = 40.500000	N = 8
45540.353191	0.020824	45540.374015	0
155164.270493	0.010725	155164.281217	1
t = 40.600000	N = 8
166708.746704	0.018409	166708.765113	0
190910.544030	0.010446	190910.554476	1
t = 40.700000	N = 8
119664.749592	0.009609	119664.759200	0
55926.257709	0.011329	55926.269038	1
t = 40.800000	N = 8
79964.004626	0.010393	79964.015019	0
60407.562251	0.008140	60407.570391	1
t = 40.900000	N = 8
58503.384179	0.014429	58503.398609	0
137638.731026	0.011107	137638.742133	1
t = 41.000000	N = 8
88404.348912	0.014518	88404.363430	0
56098.653489	0.014092	56098.667581	1
t = 41.100000	N = 8
44182.816690	0.010835	44182.827525	0
97197.633356	0.025294	97197.658650	1
t = 41.200000	N = 8
76125.347567	0.008115	76125.355682	0
67369.552676	0.022103	67369.574779	1
t = 41.300000	N = 8
14158.880287	0.008372	14158.888658	0
70024.075649	0.014929	70024.090578	1
t = 41.400000	N = 8
59441.125861	0.006485	59441.132346	0
45866.190771	0.019578	45866.210348	1
t = 41.500000	N = 8
63161.797449	0.021430	63161.818878	0
151619.311631	0.009700	151619.321330	1
t = 41.600000	N = 8
78693.187288	0.012511	78693.199799	0
85620.703058	0.008788	85620.711847	1
t = 41.700000	N = 8
110175.891867	0.019967	110175.911834	0
81648.403903	0.005906	81648.409809	1
t = 41.800000	N = 8
22269.319345	0.019042	22269.338387	0
44547.997817	0.007861	44548.005679	1
t = 41.900000	N = 8
125225.374895	0.013789	125225.388684	0
102592.976287	0.006334	102592.982621	1
t = 42.000000	N = 8
116565.384487	0.013022	116565.397509	0
72432.448810	0.004896	72432.453706	1
t = 42.100000	N = 8
79238.485450	0.029191	79238.514641	0
118764.992091	0.009400	118765.001491	1
t = 42.200000	N = 8
61687.185851	0.017942	61687.203793	0
61351.234608	0.030016	61351.264624	1
t = 42.300000	N = 8
46490.205791	0.020733	46490.226524	0
62146.531504	0.020342	62146.551846	1
t = 42.400000	N = 8
38174.158082	0.016074	38174.174156	0
66964.278955	0.003751	66964.282706	1
t = 42.500000	N = 8
29260.004131	0.012072	29260.016203	0
48827.964719	0.013889	48827.978608	1
t = 42.600000	N = 8
68595.366210	0.012650	68595.378860	0
83304.910031	0.009169	83304.919200	1
t = 42.700000	N = 8
76670.858211	0.024134	76670.882345	0
66141.502573	0.002751	66141.505325	1
t = 42.800000	N = 8
18395.835159	0.023310	18395.858469	0
81376.381248	0.019961	81376.401210	1
t = 42.900000	N = 8
77576.819863	0.003377	77576.823239	0
75111.998454	0.020267	75112.018721	1
t = 43.000000	N = 8
50306.855739	0.018624	50306.874364	0
48097.496323	0.005852	48097.502176	1
t = 43.100000	N = 8
45700.326934	0.023806	45700.350739	0
82312.160991	0.016858	82312.177850	1
t = 43.200000	N = 8
68723.332079	0.014690	68723.346769	0
104379.744706	0.012165	104379.756871	1
t = 43.300000	N = 8
71144.166782	0.015375	71144.182157	0
77896.649285	0.015782	77896.665067	1
t = 43.400000	N = 8
80213.287070	0.013203	80213.300273	0
106166.452810	0.012200	106166.465010	1
t = 43.500000	N = 8
47796.911737	0.024688	47796.936425	0
183198.565818	0.004999	183198.570817	1
t = 43.600000	N = 8
95839.836556	0.011111	95839.847668	0
99114.822549	0.007936	99114.830485	1
t = 43.700000	N = 8
152076.011397	0.024310	152076.035707	0
78214.026801	0.006865	78214.033665	1
t = 43.800000	N = 8
89231.922673	0.017819	89231.940492	0
110902.983125	0.012237	110902.995362	1
t = 43.900000	N = 8
42924.476979	0.005272	42924.482251	0
198479.430698	0.008754	198479.439453	1
t = 44.000000	N = 8
60486.831142	0.016598	60486.847740	0
121226.540952	0.013319	121226.554270	1
t = 44.100000	N = 8
60960.266370	0.020416	60960.286786	0
83339.796520	0.011897	83339.808417	1
t = 44.200000	N = 8
143629.128941	0.012066	143629.141008	0
52255.694270	0.008883	52255.703153	1
t = 44.300000	N = 8
97038.127752	0.009859	97038.137611	0
37053.418333	0.018353	37053.436686	1
t = 44.400000	N = 8
102745.384101	0.005059	102745.389160	0
109929.811523	0.004382	109929.815906	1
t = 44.500000	N = 8
103814.510584	0.018558	103814.529142	0
127352.803157	0.013133	127352.816289	1
t = 44.600000	N = 8
76295.885687	0.010378	76295.896065	0
98564.761882	0.008667	98564.770549	1
t = 44.700000	N = 8
63664.623059	0.016222	63664.639282	0
39599.252997	0.006564	39599.259561	1
t = 44.800000	N = 8
90451.768086	0.019301	90451.787387	0
47281.695972	0.009705	47281.705677	1
t = 44.900000	N = 8
89445.782079	0.037623	89445.819702	0
39010.202124	0.012136	39010.214260	1
t = 45.000000	N = 8
109537.403666	0.012929	109537.416595	0
67149.996205	0.007574	67150.003779	1
t = 45.100000	N = 8
70749.413109	0.012891	70749.426000	0
113165.241404	0.035599	113165.277002	1
t = 45.200000	N = 8
88239.837664	0.012062	88239.849726	0
52650.141003	0.012758	52650.153761	1
t = 45.300000	N = 8
39545.031410	0.003078	39545.034488	0
42742.857361	0.015725	42742.873086	1
t = 45.400000	N = 8
85288.872858	0.029417	85288.902275	0
65212.279916	0.010442	65212.290359	1
t = 45.500000	N = 8
148067.342383	0.016610	148067.358993	0
74614.051316	0.022634	74614.073950	1
t = 45.600000	N = 8
154074.340530	0.007416	154074.347946	0
162526.787483	0.024644	162526.812127	1
t = 45.700000	N = 8
96241.729418	0.002338	96241.731756	0
19383.796527	0.018085	19383.814612	1
t = 45.800000	N = 8
71286.063549	0.009781	71286.073330	0
39330.404553	0.003364	39330.407917	1
t = 45.900000	N = 8
33603.122161	0.005816	33603.127976	0
100153.993636	0.002684	100153.996320	1
t = 46.000000	N = 8
38805.630048	0.014096	38805.644144	0
92846.789062	0.006179	92846.795241	1
t = 46.100000	N = 8
81713.254016	0.015567	81713.269582	0
99363.201365	0.015897	99363.217261	1
t = 46.200000	N = 8
89232.391787	0.021450	89232.413237	0
66728.090545	0.014835	66728.105380	1
t = 46.300000	N = 8
31637.722183	0.031603	31637.753787	0
15453.136490	0.016829	15453.153319	1
t = 46.400000	N = 8
128629.271765	0.015426	128629.287191	0
60743.444484	0.018384	60743.462869	1
t = 46.500000	N = 8
69018.888805	0.016633	69018.905438	0
96861.107658	0.009614	96861.117272	1
t = 46.600000	N = 8
84890.005093	0.002657	84890.007750	0
38688.875196	0.012737	38688.887933	1
t = 46.700000	N = 8
48335.318614	0.012727	48335.331341	0
66928.882209	0.016758	66928.898966	1
t = 46.800000	N = 8
50208.715639	0.018412	50208.734050	0
62823.051492	0.020642	62823.072134	1
t = 46.900000	N = 8
30184.607118	0.003491	30184.610609	0
57216.128265	0.016202	57216.144466	1
t = 47.000000	N = 8
102727.334258	0.006102	102727.340360	0
87203.159357	0.015073	87203.174430	1
t = 47.100000	N = 8
173596.145418	0.007549	173596.152967	0
96193.008170	0.008666	96193.016836	1
t = 47.200000	N = 8
80231.281837	0.012011	80231.293848	0
120398.297198	0.005222	120398.302420	1
t = 47.300000	N = 8
23845.713777	0.021866	23845.735644	0
42481.154954	0.011742	42481.166696	1
t = 47.400000	N = 8
84420.995166	0.012466	84421.007632	0
33102.055560	0.013581	33102.069141	1
t = 47.500000	N = 8
158946.788023	0.032739	158946.820761	0
100952.856547	0.012818	100952.869365	1
t = 47.600000	N = 8
130496.228044	0.006880	130496.234924	0
95493.725540	0.014857	95493.740396	1
t = 47.700000	N = 8
33859.675354	0.016519	33859.691873	0
95994.210951	0.006318	95994.217268	1
t = 47.800000	N = 8
87593.305275	0.004656	87593.309930	0
126466.912591	0.023767	126466.936358	1
t = 47.900000	N = 8
97608.938621	0.011623	97608.950245	0
113537.569503	0.020121	113537.589624	1
t = 48.000000	N = 8
71565.149494	0.020971	71565.170465	0
39045.594078	0.020948	39045.615026	1
t = 48.100000	N = 8
106316.390549	0.008944	106316.399492	0
89735.799114	0.023255	89735.822369	1
t = 48.200000	N = 8
46240.691961	0.006676	46240.698637	0
48229.041283	0.012294	48229.053577	1
t = 48.300000	N = 8
101547.057007	0.020649	101547.077657	0
112753.031414	0.019267	112753.050681	1
t = 48.400000	N = 8
92040.889226	0.009713	92040.898939	0
113129.727869	0.034352	113129.762222	1
t = 48.500000	N = 8
64319.960553	0.007409	64319.967962	0
25602.291414	0.006366	25602.297780	1
t = 48.600000	N = 8
52422.880345	0.017195	52422.897540	0
93584.336427	0.010683	93584.347110	1
t = 48.700000	N = 8
121638.723140	0.015807	121638.738947	0
84496.789893	0.014096	84496.803989	1
t = 48.800000	N = 8
135180.285812	0.023357	135180.309169	0
49820.475119	0.014209	49820.489328	1
t = 48.900000	N = 8
36791.011029	0.009780	36791.020809	0
87260.623814	0.019761	87260.643575	1
t = 49.000000	N = 8
92148.948272	0.007902	92148.956174	0
73839.825273	0.013196	73839.838469	1
t = 49.100000	N = 8
121360.367567	0.017644	121360.385211	0
63758.384819	0.012498	63758.397317	1
t = 49.200000	N = 8
87262.235939	0.012336	87262.248275	0
148796.499626	0.016937	148796.516564	1
t = 49.300000	N = 8
85743.264243	0.010284	85743.274527	0
78769.432135	0.010438	78769.442574	1
t = 49.400000	N = 8
42231.613434	0.016401	42231.629836	0
140560.168668	0.015995	140560.184663	1
t = 49.500000	N = 8
59033.124166	0.038014	59033.162180	0
123803.342275	0.011688	123803.353963	1
t = 49.600000	N = 8
94959.825142	0.007273	94959.832415	0
57092.548141	0.002214	57092.550355	1
t = 49.700000	N = 8
115054.147920	0.023075	115054.170994	0
156325.289059	0.005066	156325.294125	1
t = 49.800000	N = 8
66031.478003	0.009670	66031.487673	0
105850.281919	0.005267	105850.287186	1
t = 49.900000	N = 8
36146.919805	0.008685	36146.928489	0
54532.701603	0.010570	54532.712173	1
t = 50.000000	N = 8
156566.539687	0.018221	156566.557908	0
129144.841101	0.003639	129144.844740	1
t = 50.100000	N = 8
104929.467909	0.003406	104929.471315	0
64690.102945	0.017173	64690.120119	1
t = 50.200000	N = 8
130237.522257	0.012681	130237.534938	0
93630.277955	0.013326	93630.291282	1
t = 50.300000	N = 8
48868.609993	0.004351	48868.614344	0
119898.337399	0.018304	119898.355703	1
t = 50.400000	N = 8
109588.330748	0.011401	109588.342149	0
102200.914821	0.009920	102200.924741	1
t = 50.500000	N = 8
117929.125601	0.014641	117929.140242	0
139731.007106	0.007170	139731.014276	1
t = 50.600000	N = 8
99069.037672	0.008974	99069.046646	0
163869.139185	0.024126	163869.163311	1
t = 50.700000	N = 8
63523.397597	0.010255	63523.407852	0
73908.425164	0.025515	73908.450679	1
t = 50.800000	N = 8
63486.796708	0.012616	63486.809323	0
152085.170233	0.008271	152085.178504	1
t = 50.900000	N = 8
133245.416335	0.009934	133245.426269	0
149985.737812	0.019617	149985.757428	1
t = 51.000000	N = 8
71036.670616	0.028471	71036.699087	0
151988.528694	0.012586	151988.541280	1
t = 51.100000	N = 8
56658.989048	0.009308	56658.998355	0
51769.747099	0.011310	51769.758409	1
t = 51.200000	N = 8
98817.704668	0.009186	98817.713854	0
55767.735125	0.020271	55767.755396	1
t = 51.300000	N = 8
105511.295818	0.011617	105511.307435	0
87931.953500	0.013158	87931.966658	1
t = 51.400000	N = 8
45431.383797	0.007637	45431.391435	0
119740.523151	0.006072	119740.529223	1
t = 51.500000	N = 8
100407.354875	0.016548	100407.371424	0
77664.941776	0.031139	77664.972914	1
t = 51.600000	N = 8
139978.996947	0.016497	139979.013445	0
110390.824922	0.021778	110390.846701	1
t = 51.700000	N = 8
111633.389301	0.017693	111633.406994	0
105358.281860	0.030014	105358.311874	1
t = 51.800000	N = 8
101688.760654	0.020313	101688.780967	0
88315.097110	0.021063	88315.118173	1
t = 51.900000	N = 8
69342.772463	0.009542	69342.782005	0
103819.536687	0.013776	103819.550462	1
t = 52.000000	N = 8
39573.326193	0.013606	39573.339799	0
107917.652611	0.010855	107917.663466	1
t = 52.100000	N = 8
89684.212619	0.020066	89684.232685	0
55049.364508	0.007772	55049.372280	1
t = 52.200000	N = 8
68989.843881	0.021166	68989.865047	0
67915.469643	0.008495	67915.478138	1
t = 52.300000	N = 8
81838.435834	0.013204	81838.449038	0
116201.918246	0.018063	116201.936309	1
t = 52.400000	N = 8
80008.836812	0.012926	80008.849738	0
78535.494185	0.002201	78535.496386	1
t = 52.500000	N = 8
47193.909233	0.002677	47193.911910	0
30375.089846	0.018924	30375.108770	1
t = 52.600000	N = 8
25257.389239	0.009362	25257.398601	0
65180.741606	0.004663	65180.746269	1
t = 52.700000	N = 8
91702.461478	0.019732	91702.481210	0
68389.071267	0.009014	68389.080281	1
t = 52.800000	N = 8
90072.763258	0.009724	90072.772982	0
75723.772145	0.007650	75723.779795	1
t = 52.900000	N = 8
73892.900410	0.015319	73892.915729	0
94745.733949	0.031394	94745.765343	1
t = 53.000000	N = 8
87492.804913	0.002360	87492.807273	0
107563.209148	0.009045	107563.218193	1
t = 53.100000	N = 8
84302.717974	0.007906	84302.725879	0
77564.417717	0.025007	77564.442724	1
t = 53.200000	N = 8
76414.974237	0.005505	76414.979741	0
74927.128795	0.038972	74927.167767	1
t = 53.300000	N = 8
67956.362155	0.008425	67956.370580	0
111627.387155	0.019502	111627.406657	1
t = 53.400000	N = 8
63167.616943	0.013719	63167.630662	0
44997.539010	0.008866	44997.547876	1
t = 53.500000	N = 8
81507.856868	0.014615	81507.871483	0
75400.481402	0.011916	75400.493318	1
t = 53.600000	N = 8
86998.796861	0.011068	86998.807929	0
159608.887595	0.011581	159608.899177	1
t = 53.700000	N = 8
130534.334269	0.021229	130534.355498	0
108449.665690	0.037609	108449.703299	1
t = 53.800000	N = 8
54469.221726	0.017068	54469.238794	0
43762.543966	0.007023	43762.550989	1
t = 53.900000	N = 8
91922.730662	0.005378	91922.736040	0
47856.713907	0.011111	47856.725017	1
t = 54.000000	N = 8
50513.308888	0.002078	50513.310966	0
103451.905716	0.025505	103451.931221	1
t = 54.100000	N = 8
90864.796845	0.016191	90864.813036	0
78269.193038	0.010319	78269.203357	1
t = 54.200000	N = 8
32630.217457	0.012356	32630.229813	0
85154.058865	0.029705	85154.088570	1
t = 54.300000	N = 8
64168.975476	0.012311	64168.987787	0
63405.848408	0.017391	63405.865800	1
t = 54.400000	N = 8
132885.710849	0.010797	132885.721646	0
99785.479035	0.005226	99785.484261	1
t = 54.500000	N = 8
81054.363030	0.012244	81054.375274	0
120730.907756	0.024861	120730.932616	1
t = 54.600000	N = 8
65045.892508	0.018679	65045.911187	0
93230.449591	0.011546	93230.461137	1
t = 54.700000	N = 8
147859.944608	0.011666	147859.956274	0
31258.795149	0.023152	31258.818301	1
t = 54.800000	N = 8
44321.848272	0.007512	44321.855785	0
148970.680538	0.011331	148970.691869	1
t = 54.900000	N = 8
49363.972432	0.005735	49363.978167	0
67767.726036	0.016879	67767.742915	1
t = 55.000000	N = 8
108699.717313	0.003497	108699.720810	0
16468.484625	0.004098	16468.488724	1
t = 55.100000	N = 8
71890.748482	0.015063	71890.763545	0
61513.177084	0.020479	61513.197563	1
t = 55.200000	N = 8
105407.452851	0.009250	105407.462101	0
126679.955678	0.008602	126679.964279	1
t = 55.300000	N = 8
62977.256981	0.007608	62977.264589	0
76366.681041	0.013469	76366.694510	1
t = 55.400000	N = 8
93033.693113	0.012887	93033.706000	0
114951.927146	0.024357	114951.951503	1
t = 55.500000	N = 8
77454.579899	0.002354	77454.582253	0
104904.285443	0.022078	104904.307521	1
t = 55.600000	N = 8
115650.860744	0.005792	115650.866537	0
127953.265259	0.026418	127953.291677	1
t = 55.700000	N = 8
91432.128593	0.034138	91432.162731	0
125225.941993	0.015207	125225.957200	1
t = 55.800000	N = 8
101311.674125	0.008280	101311.682406	0
109667.785664	0.020834	109667.806498	1
t = 55.900000	N = 8
67889.439499	0.013303	67889.452803	0
91878.483883	0.018345	91878.502228	1
t = 56.000000	N = 8
39074.337640	0.011261	39074.348902	0
113882.337685	0.008203	113882.345888	1
t = 56.100000	N = 8
117889.869945	0.004621	117889.874565	0
46819.544184	0.009277	46819.553461	1
t = 56.200000	N = 8
201025.131655	0.006722	201025.138377	0
153016.881209	0.025717	153016.906925	1
t = 56.300000	N = 8
62329.417387	0.042895	62329.460282	0
79218.015737	0.023530	79218.039268	1
t = 56.400000	N = 8
62132.151448	0.026717	62132.178164	0
115433.298404	0.013121	115433.311526	1
t = 56.500000	N = 8
93766.726249	0.026940	93766.753189	0
64430.588641	0.006597	64430.595239	1
t = 56.600000	N = 8
83122.013048	0.012470	83122.025518	0
134187.023071	0.012245	134187.035316	1
t = 56.700000	N = 8
66387.354047	0.007385	66387.361432	0
44499.573748	0.006904	44499.580652	1
t = 56.800000	N = 8
112224.623535	0.004694	112224.628229	0
133828.651809	0.011814	133828.663623	1
t = 56.900000	N = 8
38095.007876	0.008405	38095.016281	0
158011.386264	0.013516	158011.399780	1
t = 57.000000	N = 8
76284.533870	0.003149	76284.537019	0
76950.530587	0.020014	76950.550601	1
t = 57.100000	N = 8
64276.546448	0.010218	64276.556666	0
73318.374840	0.016830	73318.391670	1
t = 57.200000	N = 8
81434.948624	0.006036	81434.954659	0
65513.116973	0.019296	65513.136269	1
t = 57.300000	N = 8
70101.014932	0.015371	70101.030303	0
68304.394765	0.032641	68304.427406	1
t = 57.400000	N = 8
58348.377297	0.011211	58348.388508	0
76939.729334	0.007567	76939.736902	1
t = 57.500000	N = 8
148459.147644	0.006907	148459.154551	0
109065.723679	0.008840	109065.732519	1
t = 57.600000	N = 8
83680.187755	0.011951	83680.199706	0
39999.350504	0.010028	39999.360533	1
t = 57.700000	N = 8
47532.086329	0.007093	47532.093422	0
67483.387922	0.004699	67483.392621	1
t = 57.800000	N = 8
88729.948917	0.015331	88729.964248	0
175607.756656	0.012339	175607.768995	1
t = 57.900000	N = 8
121715.094302	0.012396	121715.106698	0
45731.121588	0.015411	45731.136998	1
t = 58.000000	N = 8
92711.216956	0.025787	92711.242743	0
76043.422112	0.009395	76043.431508	1
t = 58.100000	N = 8
38226.919651	0.008177	38226.927828	0
42469.735453	0.018816	42469.754270	1
t = 58.200000	N = 8
116397.404269	0.013360	116397.417628	0
91404.294192	0.004680	91404.298871	1
t = 58.300000	N = 8
66709.261817	0.021165	66709.282982	0
44527.009386	0.004358	44527.013743	1
t = 58.400000	N = 8
70017.005850	0.038855	70017.044704	0
130468.685721	0.012181	130468.697903	1
t = 58.500000	N = 8
53625.177651	0.011347	53625.188998	0
58134.434152	0.008456	58134.442608	1
t = 58.600000	N = 8
101927.664690	0.010979	101927.675669	0
28713.690822	0.006250	28713.697071	1
t = 58.700000	N = 8
52192.869330	0.013761	52192.883090	0
17827.196036	0.021563	17827.217599	1
t = 58.800000	N = 8
86576.111606	0.013265	86576.124872	0
196024.243337	0.016831	196024.260169	1
t = 58.900000	N = 8
113917.928539	0.016920	113917.945459	0
60334.351271	0.005339	60334.356610	1
t = 59.000000	N = 8
179886.187950	0.008102	179886.196052	0
76862.703366	0.014119	76862.717485	1
t = 59.100000	N = 8
98293.722796	0.025810	98293.748605	0
86908.843916	0.007219	86908.851135	1
t = 59.200000	N = 8
51469.130125	0.014427	51469.144552	0
97162.889366	0.008664	97162.898030	1
t = 59.300000	N = 8
106684.539236	0.004425	106684.543661	0
113118.415794	0.011818	113118.427612	1
t = 59.400000	N = 8
57478.886286	0.020736	57478.907022	0
48342.721068	0.003169	48342.724237	1
t = 59.500000	N = 8
106808.088339	0.026467	106808.114806	0
169766.230980	0.025547	169766.256527	1
t = 59.600000	N = 8
52067.808029	0.003511	52067.811540	0
33849.760434	0.024754	33849.785188	1
t = 59.700000	N = 8
57238.318376	0.014198	57238.332574	0
90664.481269	0.009382	90664.490651	1
t = 59.800000	N = 8
70396.692343	0.011171	70396.703513	0
144028.248763	0.003929	144028.252692	1
t = 59.900000	N = 8
213398.059034	0.022891	213398.081925	0
137153.028392	0.010388	137153.038779	1
t = 60.000000	N = 8
120151.677576	0.006815	120151.684391	0
75252.014602	0.006842	75252.021445	1
t = 60.100000	N = 8
93246.026624	0.003536	93246.030160	0
89957.631641	0.006241	89957.637882	1
t = 60.200000	N = 8
43708.892407	0.007948	43708.900355	0
68057.125565	0.008715	68057.134280	1
t = 60.300000	N = 8
104632.887889	0.010320	104632.898209	0
99048.526182	0.024248	99048.550430	1
t = 60.400000	N = 8
77315.170217	0.015412	77315.185629	0
59142.653598	0.009657	59142.663254	1
t = 60.500000	N = 8
82238.985462	0.006672	82238.992134	0
42010.114413	0.015645	42010.130058	1
t = 60.600000	N = 8
108626.365186	0.013036	108626.378222	0
115557.297121	0.015770	115557.312891	1
t = 60.700000	N = 8
175595.985010	0.037140	175596.022150	0
46684.526593	0.017886	46684.544480	1
t = 60.800000	N = 8
79447.355912	0.013468	79447.369380	0
65913.945328	0.010857	65913.956185	1
t = 60.900000	N = 8
83973.332961	0.007703	83973.340664	0
115889.396254	0.014826	115889.411080	1
t = 61.000000	N = 8
48030.293667	0.007751	48030.301418	0
57418.380522	0.017455	57418.397977	1
t = 61.100000	N = 8
60698.947387	0.006940	60698.954328	0
46600.535280	0.016620	46600.551899	1
t = 61.200000	N = 8
57985.514162	0.015594	57985.529756	0
79420.279787	0.019242	79420.299029	1
t = 61.300000	N = 8
96802.806225	0.013860	96802.820085	0
167455.944463	0.018702	167455.963165	1
t = 61.400000	N = 8
47689.339167	0.007882	47689.347049	0
89186.767257	0.006234	89186.773491	1
t = 61.500000	N = 8
57398.245607	0.017496	57398.263102	0
42555.021528	0.014343	42555.035870	1
t = 61.600000	N = 8
57123.058872	0.018859	57123.077731	0
37330.284337	0.019423	37330.303760	1
t = 61.700000	N = 8
221632.561836	0.012730	221632.574566	0
33930.794729	0.021505	33930.816234	1
t = 61.800000	N = 8
107352.397320	0.017028	107352.414348	0
47090.201236	0.008433	47090.209669	1
t = 61.900000	N = 8
80429.973743	0.030589	80430.004332	0
61082.146745	0.030937	61082.177682	1
t = 62.000000	N = 8
93452.860297	0.020105	93452.880403	0
48340.982166	0.014152	48340.996318	1
t = 62.100000	N = 8
69681.912882	0.008526	69681.921408	0
93005.291592	0.009348	93005.300940	1
t = 62.200000	N = 8
35299.982298	0.008783	35299.991081	0
58971.445477	0.026324	58971.471801	1
t = 62.300000	N = 8
67146.125763	0.006639	67146.132402	0
88580.999111	0.012738	88581.011849	1
t = 62.400000	N = 8
90657.542777	0.007414	90657.550191	0
42628.042836	0.011418	42628.054253	1
t = 62.500000	N = 8
109481.487849	0.011397	109481.499246	0
157822.892241	0.007367	157822.899608	1
t = 62.600000	N = 8
22708.490038	0.033102	22708.523140	0
104175.264506	0.006662	104175.271169	1
t = 62.700000	N = 8
122062.973439	0.009795	122062.983234	0
86208.325604	0.011233	86208.336837	1
t = 62.800000	N = 8
57313.389204	0.009166	57313.398370	0
100739.382887	0.010451	100739.393338	1
t = 62.900000	N = 8
40533.543252	0.009719	40533.552971	0
83661.845853	0.010404	83661.856257	1
t = 63.000000	N = 8
58238.901267	0.021634	58238.922901	0
59959.991399	0.007250	59959.998649	1
t = 63.100000	N = 8
80647.652040	0.009668	80647.661708	0
7413.491892	0.011935	7413.503827	1
t = 63.200000	N = 8
69951.017177	0.015945	69951.033122	0
77996.988770	0.015167	77997.003937	1
t = 63.300000	N = 8
56600.163903	0.005876	56600.169779	0
79069.431915	0.026730	79069.458645	1
t = 63.400000	N = 8
83823.194861	0.002715	83823.197576	0
134342.127436	0.011656	134342.139092	1
t = 63.500000	N = 8
71762.125947	0.004687	71762.130635	0
115135.262687	0.010025	115135.272712	1
t = 63.600000	N = 8
81378.939433	0.023552	81378.962985	0
61730.304506	0.006750	61730.311255	1
t = 63.700000	N = 8
59264.230140	0.016907	59264.247047	0
57060.424835	0.009009	57060.433844	1
t = 63.800000	N = 8
124278.045801	0.016461	124278.062262	0
87495.876735	0.013867	87495.890601	1
t = 63.900000	N = 8
66257.538048	0.030710	66257.568758	0
33456.204003	0.018904	33456.222907	1
t = 64.000000	N = 8
125417.605787	0.012885	125417.618672	0
114187.703636	0.008226	114187.711861	1
t = 64.100000	N = 8
165233.445556	0.012933	165233.458489	0
62911.097776	0.021212	62911.118988	1
t = 64.200000	N = 8
46386.960587	0.021237	46386.981824	0
69957.755448	0.019497	69957.774945	1
t = 64.300000	N = 8
26120.295856	0.007878	26120.303734	0
72054.229348	0.039101	72054.268449	1
t = 64.400000	N = 8
80934.210370	0.014366	80934.224735	0
43624.350198	0.025853	43624.376051	1
t = 64.500000	N = 8
87066.167696	0.030694	87066.198390	0
134026.078836	0.012827	134026.091664	1
t = 64.600000	N = 8
47297.231914	0.017856	47297.249769	0
116366.745410	0.009986	116366.755396	1
t = 64.700000	N = 8
116859.403581	0.013348	116859.416928	0
134243.163449	0.004583	134243.168032	1
t = 64.800000	N = 8
104850.205774	0.013584	104850.219358	0
89024.653037	0.007546	89024.660583	1
t = 64.900000	N = 8
124576.317127	0.019549	124576.336676	0
29860.291585	0.020211	29860.311796	1
t = 65.000000	N = 8
112998.373378	0.005964	112998.379342	0
119236.378673	0.009876	119236.388549	1
t = 65.100000	N = 8
64873.056521	0.013767	64873.070287	0
50447.162530	0.016070	50447.178599	1
t = 65.200000	N = 8
79468.452883	0.007435	79468.460318	0
97951.473451	0.022416	97951.495867	1
t = 65.300000	N = 8
132967.593055	0.009313	132967.602368	0
116918.356662	0.004123	116918.360785	1
t = 65.400000	N = 8
52832.291341	0.005035	52832.296376	0
26127.726696	0.035834	26127.762531	1
t = 65.500000	N = 8
67641.673155	0.019136	67641.692291	0
29279.789187	0.016213	29279.805400	1
t = 65.600000	N = 8
105430.686407	0.021816	105430.708223	0
95352.698292	0.031618	95352.729910	1
t = 65.700000	N = 8
111504.141019	0.007167	111504.148186	0
73350.577125	0.038058	73350.615182	1
t = 65.800000	N = 8
30251.039857	0.010270	30251.050127	0
35512.625701	0.014254	35512.639955	1
t = 65.900000	N = 8
70807.977315	0.028793	70808.006108	0
58381.916086	0.009620	58381.925706	1
t = 66.000000	N = 8
113515.602356	0.015886	113515.618243	0
88027.796826	0.009553	88027.806378	1
t = 66.100000	N = 8
40403.587474	0.011513	40403.598987	0
58187.424960	0.009521	58187.434480	1
t = 66.200000	N = 8
67851.542653	0.009228	67851.551881	0
117907.964657	0.008521	117907.973178	1
t = 66.300000	N = 8
131976.317316	0.002962	131976.320278	0
82845.933012	0.016385	82845.949398	1
t = 66.400000	N = 8
153584.576330	0.008368	153584.584698	0
60997.006352	0.024498	60997.030849	1
t = 66.500000	N = 8
85497.759864	0.015668	85497.775531	0
67333.669610	0.005622	67333.675232	1
t = 66.600000	N = 8
93057.023304	0.015565	93057.038869	0
140628.654301	0.011609	140628.665910	1
t = 66.700000	N = 8
107677.225352	0.003606	107677.228958	0
69253.299073	0.010727	69253.309800	1
t = 66.800000	N = 8
72858.354528	0.018238	72858.372766	0
84495.543014	0.015081	84495.558095	1
t = 66.900000	N = 8
136488.748302	0.019625	136488.767927	0
52458.185600	0.008372	52458.193972	1
t = 67.000000	N = 8
131207.024159	0.010956	131207.035114	0
55480.436930	0.014156	55480.451087	1
t = 67.100000	N = 8
82235.757423	0.011081	82235.768504	0
125454.312562	0.004223	125454.316786	1
t = 67.200000	N = 8
138300.334610	0.016124	138300.350734	0
129577.781921	0.008043	129577.789964	1
t = 67.300000	N = 8
123512.628187	0.008629	123512.636815	0
59468.313354	0.014574	59468.327927	1
t = 67.400000	N = 8
105287.345705	0.017238	105287.362943	0
54976.159188	0.012286	54976.171474	1
t = 67.500000	N = 8
74167.859650	0.013994	74167.873644	0
74594.318267	0.010991	74594.329258	1
t = 67.600000	N = 8
75640.387619	0.006403	75640.394022	0
42030.157747	0.013200	42030.170948	1
t = 67.700000	N = 8
37615.647827	0.009982	37615.657808	0
74236.728120	0.011404	74236.739524	1
t = 67.800000	N = 8
90240.486288	0.033631	90240.519918	0
60882.729452	0.014752	60882.744204	1
t = 67.900000	N = 8
37868.957625	0.032500	37868.990125	0
70485.363401	0.013387	70485.376788	1
t = 68.000000	N = 8
76541.133057	0.010160	76541.143217	0
118887.350320	0.017824	118887.368145	1
t = 68.100000	N = 8
72928.005633	0.011546	72928.017178	0
121521.075822	0.012662	121521.088484	1
t = 68.200000	N = 8
106927.061716	0.010952	106927.072668	0
63820.727885	0.011610	63820.739495	1
t = 68.300000	N = 8
37305.747920	0.015108	37305.763028	0
43176.715237	0.008901	43176.724138	1
t = 68.400000	N = 8
143380.968478	0.024470	143380.992948	0
44489.926410	0.007602	44489.934011	1
t = 68.500000	N = 8
57601.103107	0.009328	57601.112434	0
119914.025342	0.029769	119914.055111	1
t = 68.600000	N = 8
170678.252185	0.020828	170678.273013	0
190803.142043	0.012023	190803.154066	1
t = 68.700000	N = 8
106541.943142	0.012623	106541.955765	0
56342.485205	0.005841	56342.491046	1
t = 68.800000	N = 8
98632.726667	0.004885	98632.731552	0
92680.517037	0.018846	92680.535883	1
t = 68.900000	N = 8
43945.996946	0.003362	43946.000307	0
33035.650295	0.024634	33035.674930	1
t = 69.000000	N = 8
94812.777889	0.017342	94812.795231	0
93429.645473	0.008149	93429.653622	1
t = 69.100000	N = 8
56752.145637	0.005343	56752.150979	0
63515.994541	0.034151	63516.028693	1
t = 69.200000	N = 8
45332.781890	0.018851	45332.800741	0
49168.272090	0.040181	49168.312271	1
t = 69.300000	N = 8
90666.262575	0.015453	90666.278028	0
93174.086695	0.015095	93174.101790	1
t = 69.400000	N = 8
154336.165377	0.023987	154336.189363	0
73568.697673	0.014712	73568.712384	1
t = 69.500000	N = 8
224475.030086	0.012488	224475.042573	0
95186.292531	0.019399	95186.311931	1
t = 69.600000	N = 8
104483.941481	0.009558	104483.951039	0
74322.330027	0.005168	74322.335195	1
t = 69.700000	N = 8
113235.867992	0.024073	113235.892065	0
47602.200684	0.009481	47602.210165	1
t = 69.800000	N = 8
104571.768245	0.008396	104571.776642	0
141619.408062	0.009278	141619.417340	1
t = 69.900000	N = 8
63788.405462	0.007901	63788.413363	0
63712.153107	0.009181	63712.162287	1
t = 70.000000	N = 8
43758.833589	0.008603	43758.842192	0
51754.340805	0.025510	51754.366315	1
t = 70.100000	N = 8
196095.983045	0.003840	196095.986884	0
110724.726427	0.029470	110724.755897	1
t = 70.200000	N = 8
118860.452354	0.027847	118860.480200	0
83503.617373	0.016028	83503.633401	1
t = 70.300000	N = 8
124281.079436	0.012030	124281.091466	0
140216.639383	0.023950	140216.663333	1
t = 70.400000	N = 8
40309.082676	0.008782	40309.091458	0
38214.666837	0.004786	38214.671623	1
t = 70.500000	N = 8
95555.380520	0.004731	95555.385251	0
120645.507528	0.009089	120645.516617	1
t = 70.600000	N = 8
108878.687432	0.015063	108878.702495	0
50740.573826	0.024358	50740.598184	1
t = 70.700000	N = 8
54367.467635	0.009168	54367.476803	0
77637.730749	0.009949	77637.740699	1
t = 70.800000	N = 8
59976.777564	0.012822	59976.790386	0
60866.846850	0.006392	60866.853242	1
t = 70.900000	N = 8
84872.122925	0.011627	84872.134551	0
104156.012953	0.010639	104156.023592	1
t = 71.000000	N = 8
86318.528720	0.008403	86318.537123	0
130780.665714	0.002341	130780.668055	1
t = 71.100000	N = 8
138591.467442	0.026019	138591.493461	0
41113.488535	0.007428	41113.495963	1
t = 71.200000	N = 8
52084.182242	0.033823	52084.216064	0
67464.843794	0.006218	67464.850012	1
t = 71.300000	N = 8
62725.692836	0.007821	62725.700656	0
89393.690379	0.011241	89393.701620	1
t = 71.400000	N = 8
29197.689277	0.004177	29197.693454	0
98238.741534	0.008035	98238.749569	1
t = 71.500000	N = 8
38651.101666	0.018549	38651.120215	0
42098.593443	0.030418	42098.623861	1
t = 71.600000	N = 8
16345.081308	0.020304	16345.101612	0
103053.880527	0.019001	103053.899529	1
t = 71.700000	N = 8
109829.292553	0.006896	109829.299449	0
63598.655793	0.022388	63598.678181	1
t = 71.800000	N = 8
97170.383113	0.009361	97170.392474	0
109082.876041	0.011630	109082.887670	1
t = 71.900000	N = 8
56221.382746	0.013662	56221.396408	0
92282.950733	0.025220	92282.975953	1
t = 72.000000	N = 8
79394.993512	0.014084	79395.007596	0
108822.528456	0.021995	108822.550451	1
t = 72.100000	N = 8
59883.611884	0.018686	59883.630570	0
124729.105811	0.013086	124729.118896	1
t = 72.200000	N = 8
33829.334867	0.014121	33829.348989	0
55081.244130	0.024795	55081.268925	1
t = 72.300000	N = 8
83006.513726	0.009972	83006.523698	0
147247.286932	0.011540	147247.298472	1
t = 72.400000	N = 8
117132.039675	0.007699	117132.047374	0
122312.222408	0.010033	122312.232440	1
t = 72.500000	N = 8
70870.613977	0.013591	70870.627568	0
58827.110992	0.010040	58827.121033	1
t = 72.600000	N = 8
44990.824619	0.015114	44990.839733	0
43673.571013	0.025868	43673.596881	1
t = 72.700000	N = 8
95232.585224	0.009544	95232.594768	0
53675.345594	0.017468	53675.363062	1
t = 72.800000	N = 8
71634.616732	0.016636	71634.633368	0
90524.041266	0.013668	90524.054934	1
t = 72.900000	N = 8
128768.286618	0.015314	128768.301932	0
142052.797297	0.023227	142052.820524	1
t = 73.000000	N = 8
67482.320289	0.014724	67482.335013	0
85284.064929	0.004778	85284.069708	1
t = 73.100000	N = 8
29516.566399	0.011072	29516.577471	0
37472.509141	0.019710	37472.528851	1
t = 73.200000	N = 8
63903.400065	0.017630	63903.417695	0
103725.482500	0.017517	103725.500016	1
t = 73.300000	N = 8
54709.173941	0.009778	54709.183719	0
49567.143338	0.022288	49567.165626	1
t = 73.400000	N = 8
43728.924725	0.014601	43728.939326	0
86049.141935	0.017447	86049.159383	1
t = 73.500000	N = 8
106505.344679	0.005705	106505.350384	0
69107.616398	0.021820	69107.638218	1
t = 73.600000	N = 8
74545.689425	0.006067	74545.695491	0
99654.664322	0.004206	99654.668529	1
t = 73.700000	N = 8
215367.351016	0.018054	215367.369070	0
94708.824565	0.010513	94708.835078	1
t = 73.800000	N = 8
68012.546378	0.006959	68012.553336	0
89942.744925	0.016353	89942.761279	1
t = 73.900000	N = 8
167451.447835	0.027375	167451.475210	0
89093.657738	0.002151	89093.659889	1
t = 74.000000	N = 8
109409.452593	0.013613	109409.466207	0
56514.524633	0.006274	56514.530907	1
t = 74.100000	N = 8
161278.246031	0.002382	161278.248412	0
59743.867161	0.018849	59743.886010	1
t = 74.200000	N = 8
83614.032146	0.005062	83614.037208	0
49865.029331	0.020208	49865.049539	1
t = 74.300000	N = 8
51318.019891	0.017488	51318.037379	0
133420.875826	0.016806	133420.892632	1
t = 74.400000	N = 8
94738.623797	0.004664	94738.628461	0
100391.614197	0.013448	100391.627645	1
t = 74.500000	N = 8
36805.547828	0.020284	36805.568112	0
83255.376286	0.031680	83255.407966	1
t = 74.600000	N = 8
51070.988677	0.018817	51071.007493	0
24861.341413	0.004918	24861.346332	1
t = 74.700000	N = 8
99159.038893	0.006828	99159.045721	0
93349.371158	0.033843	93349.405001	1
t = 74.800000	N = 8
45299.995298	0.002920	45299.998219	0
93155.914760	0.007015	93155.921775	1
t = 74.900000	N = 8
132530.129420	0.026590	132530.156010	0
86319.927411	0.015418	86319.942829	1
t = 75.000000	N = 8
142846.132339	0.009965	142846.142304	0
123798.266307	0.009285	123798.275592	1
t = 75.100000	N = 8
54966.482909	0.006816	54966.489725	0
13932.677062	0.023540	13932.700603	1
t = 75.200000	N = 8
88465.265736	0.026885	88465.292621	0
178260.734147	0.008616	178260.742763	1
t = 75.300000	N = 8
110072.023026	0.008630	110072.031656	0
110039.496451	0.009767	110039.506219	1
t = 75.400000	N = 8
177764.513991	0.003757	177764.517748	0
74440.587631	0.017440	74440.605072	1
t = 75.500000	N = 8
61850.195351	0.015606	61850.210957	0
64656.176609	0.023778	64656.200387	1
t = 75.600000	N = 8
101333.258899	0.019633	101333.278532	0
81909.232103	0.011874	81909.243976	1
t = 75.700000	N = 8
92722.591600	0.006588	92722.598188	0
154119.737173	0.015853	154119.753025	1
t = 75.800000	N = 8
81240.061655	0.019332	81240.080986	0
118776.361734	0.010673	118776.372407	1
t = 75.900000	N = 8
103154.449487	0.014545	103154.464032	0
83141.679524	0.021595	83141.701118	1
t = 76.000000	N = 8
119692.768220	0.010100	119692.778320	0
211457.047397	0.017623	211457.065020	1
t = 76.100000	N = 8
166564.588585	0.012088	166564.600674	0
91006.719187	0.014045	91006.733232	1
t = 76.200000	N = 8
73393.049446	0.012874	73393.062320	0
95082.367561	0.010775	95082.378336	1
t = 76.300000	N = 8
64956.493891	0.004976	64956.498868	0
72227.056523	0.018350	72227.074873	1
t = 76.400000	N = 8
149134.617798	0.020764	149134.638562	0
122746.272440	0.015423	122746.287864	1
t = 76.500000	N = 8
74909.179496	0.005830	74909.185327	0
68988.581589	0.007898	68988.589486	1
t = 76.600000	N = 8
63327.884149	0.013504	63327.897652	0
68886.097693	0.011725	68886.109418	1
t = 76.700000	N = 8
130751.480951	0.008060	130751.489011	0
65809.915730	0.004613	65809.920343	1
t = 76.800000	N = 8
97052.669156	0.012479	97052.681635	0
55023.020786	0.003449	55023.024235	1
t = 76.900000	N = 8
51143.086492	0.014934	51143.101426	0
110489.535454	0.013521	110489.548975	1
t = 77.000000	N = 8
79470.290264	0.007440	79470.297705	0
57244.470327	0.003435	57244.473762	1
t = 77.100000	N = 8
61647.007549	0.020371	61647.027920	0
53136.151847	0.017537	53136.169384	1
t = 77.200000	N = 8
164920.766400	0.018165	164920.784565	0
75537.513326	0.012289	75537.525616	1
t = 77.300000	N = 8
80343.449376	0.017601	80343.466977	0
177586.546060	0.026530	177586.572590	1
t = 77.400000	N = 8
146721.943929	0.008484	146721.952414	0
91590.197756	0.015293	91590.213049	1
t = 77.500000	N = 8
94230.063310	0.009853	94230.073163	0
120931.885411	0.011413	120931.896824	1
t = 77.600000	N = 8
84683.056488	0.011985	84683.068474	0
45238.120690	0.010310	45238.131000	1
t = 77.700000	N = 8
104519.908904	0.019629	104519.928533	0
99618.792305	0.011310	99618.803615	1
t = 77.800000	N = 8
133199.318582	0.020156	133199.338739	0
55347.366290	0.016936	55347.383226	1
t = 77.900000	N = 8
66316.137659	0.011970	66316.149628	0
100842.646177	0.011772	100842.657949	1
t = 78.000000	N = 8
92326.346995	0.002234	92326.349229	0
50203.023289	0.014175	50203.037464	1
t = 78.100000	N = 8
42641.289095	0.021781	42641.310876	0
70561.366679	0.011871	70561.378550	1
t = 78.200000	N = 8
38534.958860	0.003368	38534.962228	0
52963.901809	0.013063	52963.914872	1
t = 78.300000	N = 8
76282.773017	0.018484	76282.791501	0
59230.677447	0.017221	59230.694668	1
t = 78.400000	N = 8
47136.400950	0.010789	47136.411739	0
60177.996584	0.009353	60178.005937	1
t = 78.500000	N = 8
109343.229443	0.016765	109343.246208	0
84488.820594	0.008316	84488.828910	1
t = 78.600000	N = 8
53824.697011	0.017740	53824.714751	0
69342.073996	0.023534	69342.097530	1
t = 78.700000	N = 8
17593.839300	0.013172	17593.852472	0
102862.924113	0.006803	102862.930916	1
t = 78.800000	N = 8
28295.191281	0.012302	28295.203582	0
16169.809630	0.016999	16169.826629	1
t = 78.900000	N = 8
74983.477602	0.019477	74983.497079	0
83802.245113	0.029935	83802.275048	1
t = 79.000000	N = 8
125143.537976	0.006425	125143.544400	0
67562.155640	0.014955	67562.170594	1
t = 79.100000	N = 8
88443.486857	0.013451	88443.500308	0
165352.632228	0.015216	165352.647443	1
t = 79.200000	N = 8
59525.200999	0.004866	59525.205865	0
105987.182545	0.021338	105987.203884	1
t = 79.300000	N = 8
86079.026663	0.021676	86079.048338	0
105769.288665	0.005916	105769.294581	1
t = 79.400000	N = 8
214197.584424	0.009286	214197.593710	0
128392.219249	0.010884	128392.230133	1
t = 79.500000	N = 8
111826.896776	0.014971	111826.911747	0
63886.565766	0.001137	63886.566902	1
t = 79.600000	N = 8
20936.455284	0.021200	20936.476484	0
83016.186035	0.017934	83016.203969	1
t = 79.700000	N = 8
90721.201743	0.008677	90721.210421	0
64581.094398	0.006621	64581.101019	1
t = 79.800000	N = 8
108207.929121	0.026574	108207.955696	0
56104.303933	0.009190	56104.313124	1
t = 79.900000	N = 8
89149.263806	0.008135	89149.271942	0
92916.489792	0.020204	92916.509996	1
t = 80.000000	N = 8
42928.622809	0.007190	42928.629999	0
116271.382806	0.024314	116271.407120	1
t = 80.100000	N = 8
119095.232474	0.011746	119095.244220	0
62337.856468	0.023190	62337.879657	1
t = 80.200000	N = 8
72191.380184	0.017062	72191.397246	0
105631.264865	0.016916	105631.281781	1
t = 80.300000	N = 8
128723.887358	0.019749	128723.907107	0
51507.941853	0.009807	51507.951660	1
t = 80.400000	N = 8
55010.816773	0.009253	55010.826026	0
96570.463349	0.007452	96570.470801	1
t = 80.500000	N = 8
110211.586287	0.012341	110211.598628	0
89004.162623	0.023282	89004.185905	1
t = 80.600000	N = 8
56023.191302	0.016540	56023.207842	0
62649.495748	0.017667	62649.513415	1
t = 80.700000	N = 8
130178.421352	0.008622	130178.429974	0
94563.154150	0.014160	94563.168310	1
t = 80.800000	N = 8
146516.418755	0.007469	146516.426225	0
90623.040106	0.003681	90623.043787	1
t = 80.900000	N = 8
112303.262941	0.020856	112303.283796	0
54947.077357	0.009655	54947.087012	1
t = 81.000000	N = 8
66690.287617	0.024305	66690.311922	0
90045.485123	0.004770	90045.489892	1
t = 81.100000	N = 8
75965.097051	0.009714	75965.106766	0
173291.276686	0.013458	173291.290144	1
t = 81.200000	N = 8
53875.301641	0.011890	53875.313531	0
119290.695227	0.016354	119290.711581	1
t = 81.300000	N = 8
89514.518531	0.003873	89514.522404	0
95333.656243	0.012813	95333.669055	1
t = 81.400000	N = 8
62495.902166	0.008627	62495.910792	0
49646.258012	0.016059	49646.274072	1
t = 81.500000	N = 8
43561.706212	0.021021	43561.727233	0
72134.404050	0.008152	72134.412202	1
t = 81.600000	N = 8
155301.997492	0.012890	155302.010382	0
51728.155350	0.010498	51728.165848	1
t = 81.700000	N = 8
96061.431529	0.034827	96061.466356	0
87434.566799	0.019547	87434.586346	1
t = 81.800000	N = 8
141553.325004	0.014386	141553.339390	0
71479.398314	0.005909	71479.404223	1
t = 81.900000	N = 8
37302.823465	0.011781	37302.835246	0
60183.242411	0.019872	60183.262282	1
t = 82.000000	N = 8
85496.450597	0.009996	85496.460593	0
189038.501260	0.031432	189038.532692	1
t = 82.100000	N = 8
90800.396853	0.009093	90800.405946	0
38889.844726	0.018477	38889.863203	1
t = 82.200000	N = 8
59858.044043	0.025246	59858.069289	0
50171.571895	0.020351	50171.592246	1
t = 82.300000	N = 8
106088.373923	0.010032	106088.383955	0
45484.388515	0.010092	45484.398607	1
t = 82.400000	N = 8
80202.823102	0.014218	80202.837320	0
53469.399786	0.012693	53469.412478	1
t = 82.500000	N = 8
82748.351959	0.012392	82748.364351	0
169528.352002	0.016084	169528.368086	1
t = 82.600000	N = 8
120920.575922	0.014952	120920.590873	0
33643.385131	0.007071	33643.392203	1
t = 82.700000	N = 8
66150.715068	0.017273	66150.732341	0
124355.077336	0.009187	124355.086523	1
t = 82.800000	N = 8
47922.289285	0.019241	47922.308526	0
90439.902155	0.004313	90439.906468	1
t = 82.900000	N = 8
123969.533431	0.011679	123969.545110	0
81486.423615	0.008119	81486.431734	1
t = 83.000000	N = 8
125413.444739	0.032450	125413.477189	0
60154.374804	0.022252	60154.397057	1
t = 83.100000	N = 8
102066.902684	0.014671	102066.917355	0
175260.581478	0.011882	175260.593360	1
t = 83.200000	N = 8
19338.382455	0.010857	19338.393312	0
86002.674070	0.012710	86002.686780	1
t = 83.300000	N = 8
95925.705703	0.009564	95925.715267	0
48083.825510	0.019731	48083.845241	1
t = 83.400000	N = 8
83708.230614	0.016410	83708.247024	0
43914.453526	0.008580	43914.462105	1
t = 83.500000	N = 8
129908.733083	0.026724	129908.759807	0
137061.804059	0.003375	137061.807434	1
t = 83.600000	N = 8
75880.036815	0.008660	75880.045475	0
62832.508508	0.032306	62832.540814	1
t = 83.700000	N = 8
73165.712381	0.005614	73165.717995	0
70919.493338	0.035696	70919.529034	1
t = 83.800000	N = 8
94969.494436	0.004843	94969.499279	0
54276.772011	0.029942	54276.801953	1
t = 83.900000	N = 8
46241.298678	0.019656	46241.318334	0
56355.724974	0.010013	56355.734987	1
t = 84.000000	N = 8
90508.750847	0.018915	90508.769762	0
139500.814578	0.012792	139500.827370	1
t = 84.100000	N = 8
96426.618294	0.020605	96426.638900	0
35908.240607	0.007811	35908.248419	1
t = 84.200000	N = 8
126308.738023	0.003418	126308.741442	0
69888.563410	0.003302	69888.566712	1
t = 84.300000	N = 8
37763.647538	0.008973	37763.656511	0
67272.449643	0.014355	67272.463998	1
t = 84.400000	N = 8
62560.402494	0.020920	62560.423414	0
93733.289654	0.004597	93733.294251	1
t = 84.500000	N = 8
61585.313169	0.035636	61585.348805	0
133148.408026	0.019641	133148.427667	1
t = 84.600000	N = 8
39834.835382	0.012992	39834.848374	0
109505.002429	0.005345	109505.007774	1
t = 84.700000	N = 8
69244.586506	0.006032	69244.592538	0
131354.646553	0.012047	131354.658600	1
t = 84.800000	N = 8
149222.238568	0.009183	149222.247752	0
43223.560434	0.005519	43223.565953	1
t = 84.900000	N = 8
107523.499448	0.012641	107523.512088	0
90488.699091	0.007742	90488.706834	1
t = 85.000000	N = 8
88907.825019	0.010745	88907.835764	0
43616.471759	0.015666	43616.487425	1
t = 85.100000	N = 8
54313.262149	0.019521	54313.281670	0
70552.617297	0.006262	70552.623558	1
t = 85.200000	N = 8
37969.052365	0.009144	37969.061509	0
50905.003974	0.010927	50905.014901	1
t = 85.300000	N = 8
68391.852341	0.009750	68391.862091	0
31584.634997	0.012129	31584.647126	1
t = 85.400000	N = 8
37842.412459	0.007738	37842.420198	0
46245.620378	0.015345	46245.635723	1
t = 85.500000	N = 8
87798.914067	0.018692	87798.932759	0
69595.233562	0.010181	69595.243743	1
t = 85.600000	N = 8
74659.805577	0.022002	74659.827579	0
83062.917491	0.017318	83062.934809	1
t = 85.700000	N = 8
130195.326377	0.004960	130195.331337	0
159244.044615	0.011411	159244.056026	1
t = 85.800000	N = 8
43124.906300	0.004170	43124.910470	0
95050.553650	0.035050	95050.588700	1
t = 85.900000	N = 8
40936.892067	0.009420	40936.901487	0
44512.221553	0.013512	44512.235064	1
t = 86.000000	N = 8
35849.389765	0.013696	35849.403461	0
85776.907279	0.013814	85776.921093	1
t = 86.100000	N = 8
126697.221653	0.006582	126697.228234	0
60983.348188	0.018670	60983.366858	1
t = 86.200000	N = 8
56299.603851	0.007004	56299.610855	0
42057.753637	0.015684	42057.769320	1
t = 86.300000	N = 8
86211.919600	0.011317	86211.930916	0
33674.660251	0.008010	33674.668261	1
t = 86.400000	N = 8
88160.036919	0.018676	88160.055596	0
70147.492231	0.012611	70147.504841	1
t = 86.500000	N = 8
112321.969517	0.017942	112321.987459	0
40546.829343	0.017017	40546.846360	1
t = 86.600000	N = 8
79963.788386	0.018750	79963.807137	0
92294.951089	0.010803	92294.961892	1
t = 86.700000	N = 8
62445.585376	0.023032	62445.608408	0
87054.652096	0.013284	87054.665380	1
t = 86.800000	N = 8
66122.133615	0.014324	66122.147939	0
79816.024106	0.011077	79816.035184	1
t = 86.900000	N = 8
93815.137792	0.025752	93815.163544	0
118669.256379	0.006161	118669.262540	1
t = 87.000000	N = 8
84971.441122	0.009426	84971.450548	0
51428.106916	0.012575	51428.119491	1
t = 87.100000	N = 8
138614.626915	0.011628	138614.638543	0
87894.244166	0.020962	87894.265128	1
t = 87.200000	N = 8
76290.632934	0.008963	76290.641897	0
61200.643441	0.025382	61200.668823	1
t = 87.300000	N = 8
149651.107014	0.015837	149651.122850	0
35849.062679	0.015732	35849.078411	1
t = 87.400000	N = 8
71927.384720	0.002801	71927.387520	0
72525.576831	0.017156	72525.593987	1
t = 87.500000	N = 8
93423.935579	0.008353	93423.943932	0
120259.996466	0.007323	120260.003789	1
t = 87.600000	N = 8
67821.413854	0.018415	67821.432269	0
107899.808268	0.013000	107899.821268	1
t = 87.700000	N = 8
110336.776242	0.007718	110336.783960	0
83769.816285	0.007822	83769.824107	1
t = 87.800000	N = 8
35626.704483	0.016705	35626.721188	0
147509.528542	0.011539	147509.540081	1
t = 87.900000	N = 8
51859.859039	0.014619	51859.873658	0
73230.760000	0.013340	73230.773340	1
t = 88.000000	N = 8
91846.153809	0.026300	91846.180110	0
76317.673077	0.015052	76317.688129	1
t = 88.100000	N = 8
116401.851073	0.014452	116401.865524	0
69440.288529	0.006366	69440.294895	1
t = 88.200000	N = 8
30151.799574	0.016965	30151.816539	0
199112.404437	0.006334	199112.410771	1
t = 88.300000	N = 8
122548.040307	0.021529	122548.061836	0
64588.726995	0.014084	64588.741079	1
t = 88.400000	N = 8
81206.435330	0.010352	81206.445682	0
57309.097296	0.010630	57309.107926	1
t = 88.500000	N = 8
41892.061591	0.014471	41892.076062	0
78032.281147	0.009889	78032.291037	1
t = 88.600000	N = 8
39929.211548	0.011354	39929.222902	0
91558.396284	0.011064	91558.407348	1
t = 88.700000	N = 8
95433.905503	0.003693	95433.909196	0
64534.975094	0.019269	64534.994363	1
t = 88.800000	N = 8
86479.914519	0.021677	86479.936196	0
72184.227254	0.011938	72184.239192	1
t = 88.900000	N = 8
72682.146392	0.009573	72682.155965	0
81243.739591	0.007643	81243.747235	1
t = 89.000000	N = 8
119936.681721	0.018931	119936.700652	0
60273.012013	0.013228	60273.025241	1
t = 89.100000	N = 8
62201.472188	0.007352	62201.479540	0
162913.421226	0.019401	162913.440627	1
t = 89.200000	N = 8
24606.784836	0.012396	24606.797232	0
102265.190236	0.020755	102265.210991	1
t = 89.300000	N = 8
68494.591185	0.003946	68494.595130	0
45144.136120	0.009682	45144.145803	1
t = 89.400000	N = 8
77203.331459	0.003273	77203.334732	0
68341.418424	0.013064	68341.431489	1
t = 89.500000	N = 8
96006.365451	0.014503	96006.379954	0
48518.117095	0.014986	48518.132081	1
t = 89.600000	N = 8
59360.068240	0.016522	59360.084762	0
67834.119835	0.016183	67834.136018	1
t = 89.700000	N = 8
87652.866464	0.020417	87652.886881	0
79082.395562	0.007035	79082.402597	1
t = 89.800000	N = 8
98182.888816	0.012930	98182.901746	0
32031.082274	0.005157	32031.087431	1
t = 89.900000	N = 8
63760.760825	0.022229	63760.783053	0
94228.865970	0.014117	94228.880087	1
t = 90.000000	N = 8
55366.513143	0.004237	55366.517380	0
134954.221888	0.009803	134954.231691	1
t = 90.100000	N = 8
85206.843477	0.008925	85206.852402	0
72147.250328	0.020160	72147.270488	1
t = 90.200000	N = 8
40064.956936	0.018473	40064.975410	0
120519.935214	0.019220	120519.954434	1
t = 90.300000	N = 8
47397.969181	0.011858	47397.981039	0
89970.856482	0.008246	89970.864728	1
t = 90.400000	N = 8
56572.753045	0.017110	56572.770154	0
88980.114966	0.015063	88980.130029	1
t = 90.500000	N = 8
41313.729762	0.020851	41313.750613	0
86063.434684	0.002349	86063.437033	1
t = 90.600000	N = 8
70948.585433	0.017260	70948.602693	0
86591.862301	0.007005	86591.869307	1
t = 90.700000	N = 8
67002.697911	0.008440	67002.706351	0
171104.238972	0.009763	171104.248735	1
t = 90.800000	N = 8
194007.579777	0.009974	194007.589751	0
65980.941747	0.007938	65980.949684	1
t = 90.900000	N = 8
71930.157258	0.014973	71930.172231	0
111517.242027	0.009602	111517.251629	1
t = 91.000000	N = 8
56129.769996	0.008975	56129.778972	0
111732.048501	0.005728	111732.054229	1
t = 91.100000	N = 8
79572.813873	0.009058	79572.822931	0
113261.558768	0.008638	113261.567407	1
t = 91.200000	N = 8
76990.589538	0.018468	76990.608006	0
57549.258767	0.012144	57549.270911	1
t = 91.300000	N = 8
77941.164783	0.011279	77941.176063	0
64478.977673	0.015924	64478.993598	1
t = 91.400000	N = 8
47095.661142	0.020385	47095.681528	0
32543.582076	0.007944	32543.590020	1
t = 91.500000	N = 8
107166.350247	0.013286	107166.363533	0
106913.655849	0.014978	106913.670827	1
t = 91.600000	N = 8
35160.600023	0.006633	35160.606656	0
91604.998968	0.008563	91605.007531	1
t = 91.700000	N = 8
97632.490924	0.009091	97632.500015	0
70433.581733	0.010008	70433.591741	1
t = 91.800000	N = 8
122429.668446	0.021656	122429.690102	0
52366.207061	0.012685	52366.219746	1
t = 91.900000	N = 8
100395.917022	0.010453	100395.927475	0
72244.843195	0.010358	72244.853553	1
t = 92.000000	N = 8
80415.568906	0.036457	80415.605363	0
109466.131994	0.007770	109466.139764	1
t = 92.100000	N = 8
81543.040247	0.011733	81543.051980	0
72844.920318	0.015510	72844.935827	1
t = 92.200000	N = 8
120658.678584	0.017860	120658.696444	0
70750.823952	0.007880	70750.831832	1
t = 92.300000	N = 8
115371.150222	0.033322	115371.183544	0
40067.799444	0.010540	40067.809984	1
t = 92.400000	N = 8
81304.626520	0.021306	81304.647826	0
79620.233348	0.006018	79620.239366	1
t = 92.500000	N = 8
151079.680834	0.016286	151079.697120	0
75892.005391	0.022715	75892.028105	1
t = 92.600000	N = 8
73066.273674	0.017070	73066.290744	0
86920.240129	0.013287	86920.253415	1
t = 92.700000	N = 8
67227.601620	0.018257	67227.619877	0
23945.722938	0.003831	23945.726769	1
t = 92.800000	N = 8
44025.501621	0.015859	44025.517480	0
43470.303090	0.006577	43470.309667	1
t = 92.900000	N = 8
88080.468204	0.013499	88080.481703	0
53599.714299	0.031391	53599.745690	1
t = 93.000000	N = 8
58637.509135	0.006449	58637.515584	0
99664.117995	0.006196	99664.124191	1
t = 93.100000	N = 8
48771.561504	0.022632	48771.584136	0
161154.699137	0.016321	161154.715458	1
t = 93.200000	N = 8
75329.288618	0.024680	75329.313298	0
112524.150807	0.022048	112524.172855	1
t = 93.300000	N = 8
47410.353607	0.016595	47410.370202	0
65329.377975	0.018188	65329.396163	1
t = 93.400000	N = 8
77929.698882	0.006688	77929.705570	0
41758.603248	0.009119	41758.612366	1
t = 93.500000	N = 8
60672.985012	0.014322	60672.999334	0
35690.871534	0.014380	35690.885914	1
t = 93.600000	N = 8
89875.830002	0.007123	89875.837125	0
61146.567419	0.022714	61146.590133	1
t = 93.700000	N = 8
158008.189811	0.025683	158008.215494	0
89042.287665	0.018497	89042.306162	1
t = 93.800000	N = 8
103858.801657	0.010053	103858.811710	0
104860.245720	0.011184	104860.256903	1
t = 93.900000	N = 8
85627.962772	0.020590	85627.983362	0
96220.391369	0.018920	96220.410289	1
t = 94.000000	N = 8
90333.428096	0.019850	90333.447946	0
158626.981868	0.006351	158626.988219	1
t = 94.100000	N = 8
272202.836016	0.013594	272202.849610	0
137266.839274	0.002895	137266.842168	1
t = 94.200000	N = 8
36849.158607	0.008471	36849.167078	0
117770.924996	0.017295	117770.942291	1
t = 94.300000	N = 8
39104.620923	0.013014	39104.633937	0
79667.009777	0.017343	79667.027120	1
t = 94.400000	N = 8
90796.790220	0.019470	90796.809690	0
51042.534291	0.008857	51042.543148	1
t = 94.500000	N = 8
44314.325551	0.018025	44314.343576	0
43046.082493	0.005882	43046.088375	1
t = 94.600000	N = 8
64467.535575	0.020829	64467.556404	0
52765.828914	0.008070	52765.836984	1
t = 94.700000	N = 8
154865.287818	0.013999	154865.301816	0
62574.255491	0.024085	62574.279576	1
t = 94.800000	N = 8
92757.016871	0.008870	92757.025742	0
54600.999358	0.024123	54601.023481	1
t = 94.900000	N = 8
85501.042298	0.010097	85501.052395	0
46362.092250	0.008357	46362.100607	1
t = 95.000000	N = 8
61779.581878	0.009756	61779.591634	0
70091.744719	0.020066	70091.764785	1
t = 95.100000	N = 8
124727.622230	0.016539	124727.638769	0
124376.668801	0.011184	124376.679985	1
t = 95.200000	N = 8
64762.548666	0.031868	64762.580534	0
74447.866203	0.014038	74447.880241	1
t = 95.300000	N = 8
97418.883367	0.015970	97418.899338	0
82235.001761	0.005729	82235.007491	1
t = 95.400000	N = 8
70377.044019	0.022920	70377.066939	0
129046.068915	0.014077	129046.082992	1
t = 95.500000	N = 8
113238.952415	0.014269	113238.966685	0
41434.521613	0.007515	41434.529127	1
t = 95.600000	N = 8
154906.612463	0.004556	154906.617019	0
176148.702989	0.011879	176148.714868	1
t = 95.700000	N = 8
174588.680119	0.018405	174588.698524	0
158887.292206	0.016879	158887.309086	1
t = 95.800000	N = 8
45585.990671	0.012595	45586.003266	0
116652.461123	0.005666	116652.466789	1
t = 95.900000	N = 8
162418.275783	0.014541	162418.290324	0
58486.001378	0.030809	58486.032188	1
t = 96.000000	N = 8
67580.646579	0.019098	67580.665677	0
53628.417532	0.005128	53628.422660	1
t = 96.100000	N = 8
69943.515642	0.013761	69943.529403	0
78367.381329	0.007098	78367.388427	1
t = 96.200000	N = 8
111246.865726	0.025733	111246.891459	0
90963.359920	0.015960	90963.375881	1
t = 96.300000	N = 8
59982.202064	0.015336	59982.217400	0
56539.067455	0.017010	56539.084465	1
t = 96.400000	N = 8
71055.458706	0.010233	71055.468940	0
95357.304164	0.007191	95357.311355	1
t = 96.500000	N = 8
93619.725715	0.011281	93619.736996	0
128650.410273	0.004433	128650.414706	1
t = 96.600000	N = 8
31603.124108	0.008462	31603.132570	0
67999.499204	0.010490	67999.509694	1
t = 96.700000	N = 8
64811.315545	0.012916	64811.328462	0
106502.160921	0.034742	106502.195663	1
t = 96.800000	N = 8
118470.554459	0.024702	118470.579160	0
68013.977402	0.023441	68014.000842	1
t = 96.900000	N = 8
43462.676786	0.021378	43462.698164	0
123130.736629	0.011353	123130.747983	1
t = 97.000000	N = 8
53864.746173	0.019485	53864.765659	0
43985.017070	0.013363	43985.030433	1
t = 97.100000	N = 8
172951.594963	0.008115	172951.603078	0
74363.953880	0.040916	74363.994797	1
t = 97.200000	N = 8
27937.138384	0.001501	27937.139885	0
129443.390755	0.006912	129443.397667	1
t = 97.300000	N = 8
70662.246200	0.010876	70662.257075	0
65202.054378	0.018131	65202.072509	1
t = 97.400000	N = 8
243669.099805	0.011628	243669.111433	0
181693.067078	0.010060	181693.077138	1
t = 97.500000	N = 8
107928.746391	0.008647	107928.755037	0
138603.817885	0.005975	138603.823859	1
t = 97.600000	N = 8
48074.998136	0.028451	48075.026588	0
168885.200457	0.013546	168885.214003	1
t = 97.700000	N = 8
80794.270257	0.008813	80794.279070	0
50264.097896	0.010125	50264.108020	1
t = 97.800000	N = 8
33498.024859	0.010113	33498.034972	0
41931.211301	0.018505	41931.229807	1
t = 97.900000	N = 8
51251.291794	0.023460	51251.315254	0
102326.330138	0.022752	102326.352889	1
t = 98.000000	N = 8
77868.760955	0.018293	77868.779247	0
73812.160864	0.014626	73812.175490	1
t = 98.100000	N = 8
58108.184918	0.012446	58108.197364	0
72584.101129	0.022870	72584.124000	1
t = 98.200000	N = 8
82671.611980	0.022802	82671.634783	0
57930.563701	0.012836	57930.576538	1
t = 98.300000	N = 8
48545.688099	0.010947	48545.699046	0
90753.831484	0.001938	90753.833422	1
t = 98.400000	N = 8
47690.839802	0.008395	47690.848197	0
65868.443633	0.009215	65868.452848	1
t = 98.500000	N = 8
45448.910804	0.018174	45448.928978	0
73115.303873	0.013808	73115.317681	1
t = 98.600000	N = 8
90449.692080	0.017828	90449.709908	0
129712.454855	0.009966	129712.464821	1
t = 98.700000	N = 8
104597.202888	0.015634	104597.218521	0
101665.630254	0.006546	101665.636800	1
t = 98.800000	N = 8
97398.787387	0.009207	97398.796595	0
56713.967822	0.006264	56713.974086	1
t = 98.900000	N = 8
58555.289228	0.018504	58555.307732	0
92880.606923	0.006840	92880.613762	1
t = 99.000000	N = 8
53136.820878	0.008719	53136.829597	0
82585.607143	0.003941	82585.611084	1
t = 99.100000	N = 8
81256.541790	0.018867	81256.560657	0
106380.320617	0.012419	106380.333035	1
t = 99.200000	N = 8
33452.824120	0.008635	33452.832755	0
63248.202342	0.016275	63248.218617	1
t = 99.300000	N = 8
31767.792976	0.017198	31767.810174	0
147873.628339	0.006207	147873.634546	1
t = 99.400000	N = 8
119372.942765	0.005987	119372.948752	0
159952.217173	0.008634	159952.225807	1
t = 99.500000	N = 8
50300.362808	0.008890	50300.371698	0
105535.273603	0.002738	105535.276341	1
t = 99.600000	N = 8
91716.068660	0.016613	91716.085273	0
174768.752961	0.011025	174768.763986	1
t = 99.700000	N = 8
96061.410711	0.005494	96061.416205	0
124338.696255	0.022505	124338.718760	1
t = 99.800000	N = 8
61393.988028	0.010144	61393.998172	0
54046.875788	0.012026	54046.887814	1
t = 99.900000	N = 8
64499.940688	0.009641	64499.950329	0
58737.364927	0.010539	58737.375466	1
