0.25	0	0	9.93837
0.017179	0.0373216	0.0043285	0.0860135
0.0181616	0.00861641	0.00353183	0.0674497
0.0173065	0.00315071	0.00733496	0.0688949
0.0221289	0.0101704	0.00290141	0.0737712
0.0136773	0.00378884	0.00406858	0.0753938
0.0374487	0.0129792	0.00402263	0.0570364
0.0186808	0.0106382	0.000383755	0.0683398
0.0167926	0.0142069	0.0140218	0.100023
0.00792673	0.024042	0.000726382	0.0663702
0.00702962	0.0167002	0.000721645	0.0499107
0.0131816	0.0104628	0.000299674	0.0595291
0.0228958	0.0286927	0.00179293	0.0705203
0.0141502	0.00971587	0.00189701	0.0974593
0.00686073	0.0252303	0.00401662	0.0849047
0.0110897	0.00513858	0.00197286	0.0845436
0.0112994	0.0112939	0.00761179	0.0598852
0.00709249	0.010946	0.0161462	0.0875465
0.0100501	0.0126853	0.0146215	0.096014
0.0172048	0.0014705	0.00875452	0.0617851
0.0213639	0.0149152	0.0088498	0.0589557
0.0109076	0.0207759	0.00302827	0.0882136
0.0098174	0.00986595	0.0180076	0.0596195
0.0126919	0.0183241	0.000997052	0.0588779
0.0170109	0.0089448	0.00312038	0.0674052
0.013027	0.0336893	0.00300738	0.0718742
0.0171738	0.0039203	0.00011476	0.0857854
0.0185294	0.0110533	0.00409091	0.0621965
0.0170727	0.005995	0.00719658	0.104201
0.00580232	0.0173861	0.000477105	0.0639654
0.0232161	0.0226163	0.000147878	0.0768143
0.00500043	0.024149	0.00339656	0.0940342
0.0226743	0.00590198	0.0126466	0.0524822
0.0118941	0.0143832	0.00505763	0.0688964
0.00974437	0.0144536	0.000202887	0.0685361
0.0197975	0.00960992	0.000379299	0.110062
0.0203364	0.00555375	0.00626045	0.0855955
0.0147374	0.0102385	0.00486944	0.0951896
0.0193867	0.0117274	0.00172318	0.0690525
0.018833	0.0108857	0.00818549	0.0872282
0.0151466	0.0235158	0.00546127	0.0855886
0.00696998	0.00524213	0.00232666	0.086556
0.0148809	0.00761968	0.0199877	0.0636028
0.0082048	0.00834396	2.71212e-05	0.0726371
0.0146299	0.00920625	0.00132521	0.0612494
0.00541396	0.00712392	0.000544474	0.0501235
0.0103052	0.00419497	0.0100088	0.0473019
0.00607946	0.00589923	0.000656836	0.104327
0.0202475	0.0147694	0.000643789	0.0551318
0.0201294	0.0106456	0.00539093	0.0450437
0.0118339	0.0205438	0.00179625	0.0996368
0.0191867	0.00853216	0.00171046	0.0840324
0.0145689	0.00486176	0.00223595	0.0588924
0.0137001	0.0126207	0.00714106	0.0517775
0.0248965	0.00789274	0.00122209	0.0851078
0.0240726	0.0102534	0.0145929	0.0487884
0.0244978	0.00628458	0.00154285	0.0754171
0.00698864	0.00391331	0.000636584	0.0776732
0.022732	0.00749165	0.00310904	0.0810473
0.0257792	0.00667582	0.00294225	0.130906
0.0259046	0.0163229	0.00195152	0.0555185
0.0225292	0.0111653	0.00339074	0.0543173
0.0116533	0.0134403	0.00843697	0.101547
0.0227714	0.0279665	0.000931414	0.0491853
0.0120248	0.0291157	0.00535797	0.0938639
0.0124842	0.0045623	0.00278929	0.0864997
0.0101555	0.0182806	0.00273991	0.0679797
0.0165624	0.0116317	0.00312826	0.0684814
0.00778129	0.00971026	0.00369136	0.082262
0.00941748	0.0121608	0.00313797	0.0475892
0.0274917	0.0024157	0.00476951	0.0672467
0.0174731	0.0283408	0.00107349	0.0594341
0.00917135	0.00950793	0.00159102	0.0722384
0.0371586	0.0184654	0.00513374	0.0587205
0.0152179	0.00661142	0.00505649	0.044438
0.0176907	0.00947928	0.00162126	0.0740869
0.0220867	0.0151092	0.00176623	0.0552027
0.0466857	0.00274597	0.00855161	0.0681071
0.0128114	0.00548554	0.00127158	0.0662534
0.0181672	0.00866751	0.0060961	0.0662225
0.00600286	0.00616465	0.000354964	0.0609381
0.0119511	0.0192688	0.0103016	0.0527842
0.0192933	0.00518871	0.00353614	0.0673535
0.0276258	0.00239873	0.000847236	0.0583532
0.0166466	0.00848455	0.00710067	0.0706837
0.0224665	0.0221966	0.00191832	0.0442326
0.0320314	0.00445649	0.000513197	0.102766
0.0135018	0.00601266	0.0316054	0.0962424
0.00740062	0.02462	0.00632922	0.075656
0.0159398	0.00903989	0.0167219	0.0804987
0.0254038	0.034916	0.0036432	0.0600807
0.035826	0.00876891	0.00681461	0.0694091
0.00876058	0.00984148	0.00154095	0.0662261
0.00777499	0.00506655	0.00189234	0.0748406
0.0174508	0.0128325	0.0103958	0.0523795
0.028879	0.00714359	0.000609843	0.0375874
0.00853204	0.00530403	0.00248283	0.0699221
0.0127228	0.0109612	0.00526263	0.0895263
0.0237726	0.0188486	0.00129572	0.0436958
0.0152902	0.0182975	0.00501158	0.0610284
0.00638583	0.00683961	0.0126738	0.0866319
0.019262	0.0329469	0.00313028	0.0626901
0.0165881	0.0202568	0.00158536	0.115477
0.0129793	0.0112688	0.0020771	0.0951541
0.00747002	0.00996109	0.000631075	0.0621915
0.0131614	0.0102849	0.00167173	0.0759265
0.0109924	0.00420035	0.00371036	0.053361
0.0110425	0.00516832	0.00225194	0.065714
0.00726411	0.0073856	0.000895281	0.0653918
0.0055715	0.00848646	0.00374278	0.048383
0.0148095	0.0110889	0.00271706	0.0625048
0.00421655	0.014001	0.0062522	0.0545006
0.0157598	0.0364704	0.00173172	0.0922289
0.0204058	0.00913718	0.00468179	0.113211
0.0159944	0.0226801	0.00680368	0.0664565
0.0141795	0.0211138	0.00553767	0.0754995
0.0130145	0.00625064	0.00225376	0.0962863
0.00945996	0.0532562	0.00340489	0.0909582
0.00977931	0.0077144	0.000558312	0.0809886
0.017129	0.00433326	0.00381952	0.0460532
0.0230776	0.00348165	0.00427941	0.0654864
0.00855609	0.0192032	0.0032229	0.0603073
0.0160682	0.00903101	0.00103401	0.0736584
0.0100825	0.00601078	0.00744239	0.106788
0.0161047	0.00254513	0.00471993	0.105028
0.0326986	0.0133966	0.00491706	0.092169
0.0103836	0.0151498	0.00558508	0.0291866
0.0120942	0.0150369	0.00536508	0.0919014
0.00902316	0.0156893	0.00187195	0.0893142
0.00933332	0.00870649	0.000971539	0.0565655
0.00933147	0.0105581	0.0129538	0.0543863
0.0210469	0.0133906	0.000699812	0.0637158
0.0257798	0.00600069	0.00167976	0.0741104
0.0298708	0.0263234	0.00648968	0.0838006
0.00943308	0.0166142	0.0019164	0.0594339
0.0201529	0.0119801	0.00292818	0.0540982
0.00853043	0.0127341	0.00336755	0.0738517
0.0174509	0.0125033	0.00312272	0.0622644
0.0193785	0.00927668	0.00345422	0.050566
0.00945794	0.00750325	0.00847541	0.0767123
0.0114092	0.00508302	0.00686673	0.0633044
0.0297254	0.00700255	0.00376147	0.0845701
0.010091	0.00785929	0.000931783	0.103636
0.0163747	0.00824427	0.000305508	0.111404
0.0237603	0.0238477	1.83158e-05	0.0734659
0.014408	0.0195067	0.00336264	0.0879716
0.00789393	0.0244541	0.00112152	0.09962
0.00766927	0.0090267	0.00899321	0.0551339
0.00556328	0.0142958	0.00314821	0.109143
0.0207213	0.00891933	0.00456516	0.0631288
0.00935974	0.00491861	0.00189295	0.0756159
0.0313727	0.00426033	0.000846413	0.0622757
0.0320482	0.00406946	0.00136745	0.0749892
0.0149176	0.00739551	0.00108684	0.0609602
0.0069079	0.00559429	0.00465338	0.0593566
0.0145869	0.00719185	0.0040794	0.0705967
0.0138943	0.00199145	0.000985976	0.0527523
0.0149542	0.00713647	0.00287254	0.0843951
0.0189262	0.0186924	0.0102888	0.0579658
0.0179952	0.00729485	2.11301e-05	0.0817392
0.00962894	0.00929292	0.00156198	0.0785716
0.00847058	0.0219517	0.00290947	0.0673017
0.0334238	0.0155417	0.0123661	0.0691702
0.0163334	0.00944627	0.00165595	0.0580109
0.0128231	0.0195705	0.00666542	0.0634446
0.0199345	0.0402569	0.0103587	0.0813988
0.0176218	0.0182315	0.0108432	0.102164
0.0150392	0.00856351	0.000784787	0.0877297
0.00956201	0.00456187	0.000799497	0.0624941
0.0144502	0.00207547	9.50639e-05	0.0769589
0.021951	0.00988001	0.00856777	0.0761198
0.028961	0.0110857	0.00171814	0.0675232
0.0241704	0.00374643	0.00224121	0.0638349
0.00848124	0.00645365	0.000919647	0.0856972
0.0155827	0.0126669	0.00875143	0.0476472
0.0110209	0.0100897	0.00163808	0.0736511
0.0174162	0.0202589	0.002284	0.0689819
0.0138404	0.0207968	0.000230645	0.0537954
0.0282697	0.0051019	0.00675007	0.0859156
0.015774	0.00682848	0.00137287	0.0623377
0.0135026	0.0113947	0.00497935	0.0557105
0.0122946	0.0161967	0.00028026	0.0500049
0.00741404	0.00591672	0.00455672	0.0893417
0.0188634	0.0224178	0.00170054	0.0527919
0.0145788	0.0232585	0.00304807	0.0867773
0.00455251	0.00753696	0.000759929	0.0954196
0.0208694	0.00377708	0.0120581	0.0755646
0.0060175	0.00649202	0.00423303	0.091566
0.0233016	0.0125367	0.00105981	0.0785533
0.0263257	0.0132704	4.16775e-06	0.110388
0.0145837	0.0118331	0.00490703	0.0534632
0.0114452	0.00799442	0.00239578	0.08066
0.0245382	0.014737	0.0023281	0.0965244
0.0115152	0.0236654	0.00605748	0.054224
0.0086843	0.0182532	0.000143605	0.0918907
0.00600628	0.0099972	0.00132089	0.0876037
0.0188988	0.013229	0.00200425	0.0558571
0.0188655	0.0184491	0.00297022	0.0898858
0.0289761	0.0171674	0.00382753	0.0485709
0.026433	0.0119263	0.00857166	0.0681699
0.0216076	0.00741522	0.00103594	0.0754753
0.0113266	0.00355315	0.000601465	0.0423456
0.0108977	0.031049	0.0023423	0.0921521
0.0120763	0.0151442	0.0072455	0.10071
0.0173846	0.00244327	0.0106809	0.0703648
0.0125298	0.00883403	5.96185e-05	0.0811359
0.00899051	0.0100188	0.00545877	0.0516413
0.026901	0.00402079	0.000418012	0.0838044
0.00946532	0.0178343	0.00787204	0.106556
0.0205336	0.0115184	0.00661449	0.0743988
0.0216911	0.00336819	0.00468928	0.0511267
0.021742	0.00851135	0.00103021	0.0726078
0.0163766	0.00460928	0.00131621	0.0867168
0.0275525	0.0141273	0.0128215	0.0709043
0.00851631	0.0135226	0.00143474	0.0914646
0.00642019	0.0333805	0.00620327	0.0475529
0.00567194	0.00200409	0.00158862	0.0814143
0.0128847	0.00718095	0.00128885	0.0834391
0.00997461	0.00900327	0.00562667	0.0495025
0.00919972	0.0130452	0.00842551	0.0652547
0.0102991	0.0177199	6.19251e-05	0.0590429
0.00810071	0.00703004	0.00223788	0.0705952
0.0398281	0.00874415	0.00652986	0.0583912
0.0149097	0.0100058	0.0027991	0.0916033
0.0291846	0.00257798	0.00439476	0.0914634
0.00486688	0.00588318	0.00142526	0.0538754
0.0185239	0.0173867	0.00567724	0.0824797
0.0168266	0.033511	0.00595712	0.0705267
0.0343174	0.00811777	0.00150819	0.108733
0.00691667	0.011259	0.0137529	0.0677194
0.0135108	0.0210612	0.00148594	0.0837775
0.00545695	0.0125033	2.11044e-05	0.0561445
0.022646	0.00803978	0.00296995	0.0569024
0.0103662	0.00712806	0.00151499	0.0698235
0.0264008	0.0212236	0.00148789	0.0647057
0.0224704	0.0188531	5.94411e-05	0.0681535
0.00220156	0.0101138	0.00253226	0.0591314
0.0470982	0.0122863	0.00108889	0.0772633
0.0250838	0.0127964	0.001028	0.0787699
0.00866658	0.00615007	0.000519138	0.108415
0.024335	0.0084175	0.0071797	0.0670141
0.0085039	0.00367858	0.000623234	0.0934112
0.016053	0.00350354	0.000936521	0.0775338
0.0114555	0.0143754	0.00159983	0.105421
0.0356251	0.0114394	0.00463221	0.0807626
0.0240895	0.0102329	0.0095181	0.0542707
0.0231369	0.0147901	0.0134349	0.0844271
0.0175037	0.0161973	0.00041105	0.0859495
0.0217791	0.00794084	0.00296889	0.100467
0.021785	0.00939549	0.000225725	0.0550754
0.0211871	0.0351136	0.0166457	0.0652632
0.00673409	0.00265272	0.00839302	0.0448427
0.0264377	0.00702744	0.00421377	0.0638902
0.0132375	0.0170743	0.0017501	0.0523483
0.00918812	0.0134692	0.00062341	0.0792116
0.00481577	0.0107027	0.000214213	0.0624744
0.0103931	0.0119869	0.00291654	0.0946933
0.0160585	0.0267809	0.00931789	0.0943285
0.0222188	0.0052712	0.000817093	0.0813831
0.0126955	0.0108843	0.00993705	0.070473
0.00873662	0.0084744	0.00306948	0.0677183
0.0251833	0.00165285	0.00904706	0.083453
0.00860938	0.00822922	0.00228548	0.0453954
0.0168081	0.00389657	0.00188594	0.0747467
0.0170033	0.00184425	0.000746491	0.0757512
0.00828035	0.010967	0.00730145	0.0727227
0.017116	0.0233247	0.00204005	0.0837571
0.00459254	0.00800532	0.00621401	0.0905
0.0105848	0.00958003	0.00143705	0.0449843
0.0129285	0.00755469	0.00263328	0.046871
0.0154706	0.00636663	0.00471947	0.111469
0.00588653	0.0120261	0.00309944	0.0538264
0.0216029	0.00990172	0.00113001	0.0592479
0.00818921	0.0138576	0.00289907	0.0807973
0.0215123	0.0058309	0.000414588	0.0856389
0.0267779	0.00723649	0.00420392	0.084594
0.016832	0.0143975	0.0116919	0.0708333
0.0224779	0.00856846	0.00129636	0.0816219
0.0211586	0.0213282	0.000349389	0.0819527
0.0143737	0.00838184	0.00880268	0.0595373
0.0175952	0.0162659	0.00143078	0.0929982
0.0218225	0.0132922	0.00174134	0.0809741
0.0120682	0.0175808	0.00811309	0.0765743
0.0186028	0.00824165	0.0024952	0.0893221
0.017244	0.0128961	0.00118736	0.066545
0.0216653	0.0210544	0.000632961	0.0938674
0.0335001	0.0191162	0.0191328	0.0589738
0.0217675	0.00920952	0.000100442	0.0673142
0.0097411	0.0049972	0.00460721	0.0728632
0.00588815	0.00914063	0.0012828	0.0569185
0.00865185	0.00205829	0.00310068	0.0754108
0.0220347	0.00295083	0.00705147	0.0683222
0.0129104	0.00602981	0.00242288	0.0578401
0.015856	0.0074937	0.000285391	0.085716
0.0154075	0.01208	0.00519276	0.0661524
0.0141282	0.00492036	0.0183763	0.0623339
0.0142503	0.00486477	0.00279327	0.0450728
0.0299194	0.0142599	0.00171025	0.0849724
0.011557	0.0189515	0.0015957	0.0961062
0.00891461	0.00850696	0.00703947	0.0909937
0.0110872	0.0166262	0.0143506	0.0725559
0.0221918	0.0136199	0.0031984	0.0645898
0.0229185	0.0107945	0.00127459	0.0669308
0.013492	0.00291657	0.000633538	0.0791623
0.0130644	0.012761	0.0171362	0.0393292
0.0170383	0.0117688	0.00119865	0.0667199
0.00986254	0.00647582	0.00110453	0.0546449
0.0107095	0.00721452	0.00181606	0.0933068
0.0102593	0.0146784	0.00407711	0.0605601
0.0146013	0.0165657	0.00838863	0.0846861
0.0131237	0.0083817	0.00182356	0.0931855
0.00750715	0.0139698	0.00068477	0.06092
0.0160863	0.000960879	0.00685144	0.0489685
0.0148069	0.00547772	0.0023294	0.0645348
0.01212	0.0222327	0.00453192	0.0510121
0.0241367	0.00607223	0.00111945	0.0697138
0.00445931	0.00669214	0.00813177	0.0531962
0.0289451	0.0150868	0.00591643	0.0816193
0.00658912	0.0172851	0.000726353	0.0671504
0.00717139	0.00843459	0.00123053	0.055167
0.010591	0.00881377	0.0014514	0.0753199
0.0143883	0.0276467	0.000775721	0.101705
0.0120981	0.026028	0.00228906	0.0603563
0.00596903	0.0126402	0.00011682	0.104839
0.0148713	0.0239342	0.00147689	0.0910807
0.0113971	0.0153605	0.00206268	0.0609043
0.0196792	0.0146564	0.00389159	0.0646528
0.0184803	0.00227589	0.00120367	0.0887636
0.00671019	0.00419402	0.00835283	0.0672333
0.00468419	0.00496202	0.00254512	0.0850155
0.0172004	0.00580046	0.000554942	0.0691268
0.0253254	0.0114693	0.00150965	0.0517325
0.0225609	0.00960311	0.00203409	0.072915
0.00626479	0.00956044	0.00172848	0.0897669
0.0117361	0.00521966	0.00970562	0.126459
0.0123719	0.0115447	0.00282924	0.0785401
0.0224435	0.0207055	0.00543501	0.0660955
0.0234494	0.0145494	0.00414621	0.0706428
0.00681518	0.0527659	0.00923077	0.0960341
0.0103231	0.0127131	0.0136776	0.0846007
0.0097992	0.0117512	0.00539196	0.0576934
0.0144869	0.0167139	0.00541771	0.0858644
0.0044585	0.00542231	0.000184127	0.0548178
0.00613015	0.00294198	0.00368312	0.113742
0.0138473	0.0249748	0.0082884	0.0779651
0.00224472	0.0125192	0.0014596	0.0800674
0.0300778	0.00710833	0.00357612	0.0537997
0.0100243	0.00949904	0.00198919	0.0599922
0.0122705	0.00826999	0.0010179	0.0812316
0.00443002	0.00787438	0.00424098	0.0449862
0.0125647	0.00682084	0.000393778	0.0745002
0.013596	0.00343639	0.00437853	0.069256
0.0364775	0.00475304	0.0015305	0.043754
0.0134899	0.00432536	0.00134405	0.0782382
0.00434329	0.0144094	0.00694163	0.0736813
0.0181108	0.0218824	0.0129691	0.0867796
0.0177819	0.00536421	0.00219712	0.0419644
0.0179022	0.0122144	0.00340286	0.0758585
0.009385	0.0342131	0.00628427	0.0527228
0.0181247	0.0131233	0.00140256	0.07136
0.0196905	0.00765695	0.000904038	0.1034
0.0180912	0.012009	0.0059655	0.0810936
0.0117125	0.0111432	0.00276105	0.0482855
0.0238364	0.0334992	0.000591878	0.129379
0.0186394	0.019234	0.0119508	0.0644012
0.0129985	0.0155059	0.000997978	0.113243
0.00752401	0.00412891	0.00165926	0.0637217
0.0148876	0.012158	0.00144761	0.0456895
0.0082241	0.00443641	0.000847536	0.0806025
0.014046	0.0242526	0.00333719	0.0927088
0.0327454	0.0208684	0.00689795	0.0497657
0.0123996	0.00978814	0.0145034	0.0792856
0.00996294	0.0168404	0.000246551	0.0893111
0.0228643	0.0102202	5.99577e-05	0.0583773
0.0274113	0.00780407	0.00860024	0.0750726
0.00385225	0.00714558	0.000348024	0.0642532
0.0199001	0.0104291	0.000654363	0.0682521
0.0178438	0.00501972	0.00319292	0.0587291
0.0106391	0.0098226	0.00440973	0.062863
0.0101977	0.0123442	0.00330518	0.0937663
0.0224994	0.00604153	0.000745875	0.0653649
0.0173335	0.0192328	0.000883343	0.0535485
0.0169145	0.00884424	0.0027954	0.0368949
0.00834065	0.0142961	0.00542233	0.0943328
0.0184737	0.00395857	0.000185108	0.0590113
0.0231586	0.0090008	0.00351822	0.122063
0.0500125	0.0261133	0.00196826	0.0736159
0.0184849	0.0116079	0.000911787	0.0392081
0.0139119	0.0071866	0.00246203	0.0586631
0.0064133	0.0100467	0.00202934	0.0722143
0.0107695	0.0040108	0.000661003	0.062922
0.0209972	0.00478065	0.00124646	0.0921621
0.00625877	0.00630534	0.00282438	0.0675105
0.0149336	0.0244266	0.000434585	0.0892607
0.0192443	0.00707742	0.0112914	0.0833298
0.0105076	0.0030841	0.0114354	0.0894627
0.0154136	0.00565069	0.00535461	0.0736431
0.0227711	0.0125403	0.00398099	0.0789286
0.0191898	0.00970588	0.0058071	0.0758922
0.0143995	0.00565536	0.00354873	0.0695288
0.00774816	0.00353217	0.00430458	0.0863869
0.0182091	0.00926091	0.00737024	0.0885707
0.0177433	0.0118121	0.000663343	0.133493
0.00787465	0.0103738	0.00397951	0.126347
0.0205257	0.00684274	0.00343357	0.0960568
0.0054685	0.0260798	8.21462e-05	0.0875753
0.0126328	0.0162223	0.0073599	0.06719
0.011156	0.00978179	0.00882712	0.0989237
0.0103959	0.00813745	0.000336425	0.0722514
0.00632096	0.0192153	0.00591623	0.0769849
0.01297	0.0156394	0.00109711	0.0660844
0.0233714	0.012758	0.00431767	0.0509359
0.0136175	0.0166009	0.000931904	0.0894141
0.0116958	0.0116051	0.00134677	0.0533427
0.007916	0.0181471	0.00665522	0.0523178
0.0118772	0.0192521	0.000762525	0.0967415
0.00935785	0.011942	0.00225563	0.0581799
0.0175119	0.00836181	0.00609222	0.0482811
0.0160546	0.0108486	0.000273844	0.0818639
0.0141253	0.00599791	0.000275895	0.101485
0.0127715	0.00514629	0.00145799	0.0447943
0.0152174	0.0233734	0.00801084	0.0473938
0.0444819	0.00347631	0.0145783	0.0552102
0.0188197	0.0222548	0.000623256	0.0864627
0.018729	0.00109597	0.00508448	0.0604277
0.0126222	0.013339	0.0108801	0.0620749
0.0154344	0.00638499	0.0086916	0.0612502
0.00978811	0.0170974	0.00845376	0.0579205
0.0219885	0.0212832	0.000282496	0.0797376
0.0173265	0.00631678	0.00115215	0.0670145
0.0100852	0.0143916	0.00803528	0.0609681
0.0308144	0.0098495	0.00193449	0.0835343
0.0159101	0.0109455	0.00190796	0.0422214
0.0214671	0.00968994	0.0126212	0.0889053
0.0138261	0.0115769	0.00621884	0.0535388
0.0211282	0.00855858	0.00206348	0.0910839
0.017218	0.00182972	0.000926677	0.0743012
0.0246557	0.00651924	0.00233757	0.0640417
0.0113663	0.0186903	0.00283306	0.0677617
0.012342	0.00168473	0.00277496	0.0626392
0.0246957	0.00522038	0.00424391	0.0988965
0.0151615	0.0171517	0.00056536	0.0633731
0.0093866	0.011563	0.00074423	0.0767701
0.0225016	0.00571027	0.00664822	0.0756572
0.00536279	0.00407867	0.00325115	0.0806233
0.0123712	0.0193197	0.00410865	0.0489951
0.0119955	0.00704908	0.0129689	0.0666471
0.0114801	0.0113061	0.00205378	0.0925792
0.0194679	0.00953876	0.0110437	0.122822
0.0221754	0.0275834	0.001762	0.0685758
0.0168856	0.0036177	0.00132624	0.0766104
0.0404995	0.00799059	0.0190581	0.0643125
0.0178403	0.00697892	0.000446121	0.0694184
0.0152053	0.00359789	0.00468098	0.0614566
0.0206152	0.0192441	0.000189899	0.0644043
0.0304145	0.00882915	0.00147025	0.0985518
0.0141266	0.0179331	0.00203884	0.0740555
0.00948179	0.010942	0.00125629	0.106923
0.00507442	0.00807087	0.0123631	0.0727227
0.00343397	0.0050657	0.000833039	0.0762612
0.00835361	0.0119217	0.000569722	0.083916
0.0144277	0.0170356	0.0101642	0.0621459
0.0101472	0.026138	0.000472301	0.0471568
0.0234387	0.0249939	0.00249556	0.048706
0.0176357	0.0161746	0.000303257	0.0915519
0.0190753	0.00717256	0.00294147	0.0663463
0.00804393	0.00734993	0.000524191	0.0719999
0.0167149	0.0127698	0.00177793	0.0607899
0.0180357	0.0210177	0.00236246	0.0449338
0.0103632	0.00932972	0.00117354	0.0853719
0.00918241	0.0119927	0.00107305	0.0789836
0.00874216	0.00747271	0.000336811	0.054364
0.0119321	0.00530102	0.00709542	0.0738266
0.0137784	0.0198303	0.000423313	0.0620548
0.0138531	0.0121942	0.00254306	0.0559389
0.0121084	0.0334481	0.00044314	0.0618185
0.0165297	0.00520712	0.00306959	0.0274848
0.0167536	0.00608316	0.00622686	0.0391727
0.00803314	0.0203897	0.000363975	0.0589626
0.015765	0.0159794	0.00481193	0.0722559
0.021438	0.0204815	0.00558122	0.0489402
0.0183721	0.0138269	0.00517943	0.0855747
0.0156326	0.00333787	0.000144343	0.0711986
0.0191808	0.0207354	0.00379728	0.0526645
0.014498	0.0295676	0.00720319	0.0786758
0.0114307	0.00234417	0.00111642	0.0669291
0.0130293	0.0148481	0.00695345	0.0721758
0.0172596	0.012643	0.000959067	0.0978971
0.0227132	0.0148528	0.0158776	0.0988619
0.0212204	0.00831982	0.00273681	0.074672
0.0137781	0.00731927	0.00587635	0.0474592
0.0117152	0.0184269	0.00129727	0.0544071
0.0116305	0.0176428	0.00269935	0.0678289
0.0162158	0.00450613	0.00976214	0.0734205
0.02713	0.00526597	0.00395537	0.0369326
0.0330342	0.016668	0.00599188	0.0349375
0.00670098	0.00278651	0.00405744	0.0988224
0.0179081	0.0102322	0.00829807	0.0667224
0.00706636	0.00787049	0.00285909	0.0634998
0.00779786	0.0114571	0.0012204	0.0820534
0.00688146	0.0149787	0.00174143	0.0681348
0.0179926	0.00258677	0.000726408	0.0670932
0.0130413	0.0129659	0.00356733	0.0521589
0.0189485	0.00370643	0.00716319	0.0608248
0.0145591	0.00676186	0.00030848	0.0611539
0.0153595	0.00645125	0.00666773	0.0917628
0.0291673	0.00393274	0.000892859	0.11994
0.0130851	0.0226853	0.000267944	0.05748
0.0105275	0.0103585	0.00175692	0.0589173
0.0218975	0.00765277	0.00471122	0.104121
0.0183762	0.0226806	0.0031688	0.0653567
0.00986513	0.0107523	0.000724394	0.0549696
0.0153726	0.0140846	0.00389212	0.0716795
0.0120656	0.0127092	0.00305846	0.0535552
0.00836615	0.00534341	0.00580354	0.0588375
0.0310363	0.0166509	0.00161113	0.0676166
0.0194122	0.0188635	0.000568355	0.061227
0.0280608	0.0196457	0.00427697	0.0673064
0.0364901	0.00488626	0.00768121	0.0516798
0.0172552	0.00606313	0.00157105	0.0810852
0.0123222	0.0121389	0.00585285	0.0567808
0.0129335	0.0149039	0.000583407	0.070294
0.0139267	0.0157344	0.001193	0.0537048
0.0135799	0.0176865	0.000941787	0.105208
0.0128044	0.00232332	0.00180471	0.0579
0.020046	0.00155526	0.000995216	0.0740042
0.00779856	0.00622643	0.000730986	0.080351
0.0201756	0.00857005	0.000136458	0.0776312
0.0108578	0.00651658	0.00367051	0.0403276
0.0287874	0.017926	0.000862697	0.103521
0.00680365	0.00460068	0.00211297	0.0701674
0.014704	0.0182083	0.0048735	0.065857
0.0282933	0.0161832	0.005162	0.0632059
0.0220793	0.00584846	0.00894504	0.0627985
0.0109494	0.011636	0.0166723	0.0833402
0.0118821	0.0146495	0.00930626	0.118653
0.0105413	0.0121078	0.00113247	0.0886395
0.0299911	0.0288463	0.000361154	0.0695022
0.00358573	0.020505	8.02925e-05	0.0745273
0.00813071	0.00835846	0.00896853	0.0850545
0.0103844	0.0171988	0.00383384	0.0685357
0.0171737	0.00933622	0.00308244	0.0655203
0.0371114	0.00494961	0.00142929	0.0546506
0.0244231	0.00527932	0.00513281	0.0572326
0.012688	0.00333525	0.00246928	0.0450275
0.0155536	0.0215517	0.00855055	0.0688778
0.0160976	0.0141275	0.00977424	0.0801108
0.00459286	0.0302251	0.00188501	0.0625326
0.00572746	0.013116	0.00242967	0.0839826
0.00441607	0.0181983	0.00175273	0.0767017
0.0048793	0.00271594	0.0100541	0.0795998
0.0233292	0.0122124	0.0073865	0.0653614
0.0143536	0.00349763	0.0014915	0.0728587
0.0158073	0.00526974	0.00163518	0.0894844
0.0212153	0.016029	0.000269392	0.0882019
0.00983367	0.0145982	0.00258353	0.089435
0.0259976	0.00621317	0.000221012	0.0532666
0.0361517	0.0131936	0.000995836	0.0622452
0.0148544	0.0142602	0.00443445	0.0708942
0.019649	0.0119993	0.00188771	0.0972349
0.0147207	0.00474371	0.0072183	0.0561033
0.0073651	0.00653288	0.000844024	0.0799179
0.0144668	0.0179719	0.00235025	0.0478202
0.0303929	0.036032	0.00435076	0.0645173
0.00405758	0.0357807	0.000472216	0.0562511
0.0223179	0.0112192	0.00020616	0.0579939
0.0141327	0.0105827	0.00249479	0.082755
0.0101364	0.00415234	0.00175946	0.0640746
0.00976862	0.00673974	0.00757892	0.0603292
0.0153132	0.00660787	0.00200467	0.070383
0.0119779	0.0111847	0.000333807	0.0772087
0.00885521	0.0181934	0.000955241	0.0748899
0.00602237	0.0193091	0.000398523	0.0840062
0.0243092	0.0237027	0.00436922	0.0865475
0.010609	0.00816925	0.0037372	0.0845375
0.00788651	0.00785972	0.00406845	0.0436126
0.0182617	0.00371781	0.00347901	0.0959626
0.00780636	0.00398581	0.000311354	0.0957157
0.00774964	0.0199195	0.000704749	0.0594582
0.00577348	0.0220333	0.00159509	0.0656371
0.0197431	0.0154395	0.000740543	0.0695248
0.0200657	0.00692817	0.000328777	0.0386286
0.00914138	0.00889764	0.000166355	0.12071
0.0197865	0.00573657	0.00131113	0.084947
0.0399119	0.0111241	0.00460935	0.0599202
0.0081652	0.0116382	0.00378299	0.0853788
0.00873965	0.00848892	0.00188173	0.058463
0.0178359	0.0174878	0.0289014	0.0750862
0.0214486	0.00864824	0.00143326	0.078475
0.0151078	0.00715108	0.00472677	0.0573899
0.0078718	0.0143492	0.00202234	0.0726698
0.0193188	0.0137096	0.0224772	0.0668852
0.0110305	0.0120608	0.00122632	0.0619596
0.00914001	0.00710323	0.000614598	0.06451
0.0148935	0.00901101	0.000796101	0.0673245
0.0233561	0.0286575	0.000461379	0.0935607
0.0182624	0.0100028	0.00677436	0.0690804
0.00965795	0.0139217	0.00501266	0.0673618
0.00856482	0.00653484	0.00458436	0.085904
0.0231069	0.0101719	0.00270733	0.11804
0.00728472	0.0063726	0.00378621	0.0741003
0.00751445	0.00226319	0.00913602	0.073441
0.00904607	0.00761665	6.11684e-05	0.0711185
0.0228263	0.0117419	0.00267994	0.106836
0.0165699	0.00849886	0.00404028	0.0650125
0.013135	0.00918175	0.000374077	0.050364
0.0103522	0.0184534	0.000779191	0.0525869
0.0282661	0.0267603	0.000414008	0.0777924
0.0084782	0.0158462	0.0028472	0.0653237
0.0171727	0.0053563	0.00850996	0.0610372
0.0128939	0.0123123	0.000103764	0.105936
0.012885	0.0106752	0.00388016	0.0401532
0.0186377	0.016198	0.000425648	0.0588407
0.0245118	0.0080502	0.000229749	0.107102
0.0083946	0.00572098	0.000647475	0.0854768
0.0112159	0.0206222	0.00191933	0.0927205
0.0232103	0.0150715	0.0185818	0.0771984
0.0272903	0.00694488	0.000303613	0.107184
0.0157232	0.00973788	0.00422447	0.0652386
0.0295543	0.0319719	0.00222673	0.074432
0.0177062	0.0165509	0.00176565	0.0767962
0.00669079	0.0111839	0.00663494	0.0404958
0.021149	0.0139579	0.00112987	0.0810628
0.00985829	0.00951896	0.000237314	0.0558683
0.0087684	0.010063	0.0117151	0.0744662
0.0146346	0.00413015	0.00149022	0.0843459
0.0307768	0.0089877	0.0101821	0.063092
0.0154867	0.00554119	0.00658359	0.0588385
0.00589159	0.0137256	0.00392161	0.0452803
0.014957	0.0051662	0.00541477	0.093533
0.0167071	0.0121771	0.00174223	0.111168
0.0156755	0.00592713	0.000295024	0.111757
0.0108542	0.0202581	0.00210684	0.0579326
0.00543066	0.0271753	0.0180022	0.0916153
0.00236063	0.0120106	0.00310915	0.0658835
0.0115264	0.00318571	0.00146758	0.0827148
0.00997778	0.0203239	0.00787939	0.0650753
0.0150902	0.0108264	0.00147284	0.0942793
0.0220066	0.00832127	0.0029751	0.0946931
0.0325479	0.0170662	0.00211758	0.0522638
0.0174527	0.00365774	0.0027713	0.0958606
0.0131175	0.0210268	0.00146706	0.0284243
0.0278682	0.0128657	0.00403737	0.0794608
0.00660671	0.0403719	0.00111176	0.0478786
0.0226181	0.0176008	0.00215826	0.0696462
0.0135644	0.029957	0.000465803	0.0919102
0.0104627	0.0173789	0.00276057	0.0756758
0.00992041	0.00801026	0.000161434	0.0963066
0.0078853	0.0132446	0.0123342	0.0849663
0.014837	0.0249228	0.00181148	0.0999023
0.00912782	0.00671273	0.00867532	0.0931234
0.00857964	0.0212569	0.0049434	0.0792889
0.0222182	0.00763281	0.00648878	0.0726617
0.00308625	0.0103492	0.00267151	0.0778075
0.0167666	0.0241029	0.00196713	0.0511116
0.015657	0.019692	0.0038692	0.0647737
0.0294134	0.0240208	0.000433156	0.0674286
0.0300438	0.0151807	0.00851456	0.0646829
0.018972	0.00555246	0.0129162	0.0491975
0.0230189	0.0153944	0.0120632	0.0627638
0.0148148	0.0106241	0.000154519	0.0883345
0.0160743	0.00495891	0.00788643	0.0685299
0.010281	0.00746824	0.00161624	0.0691952
0.00433273	0.0150146	0.00098446	0.118986
0.021725	0.0111407	0.00708286	0.0916744
0.0152595	0.00602976	0.00336887	0.0526865
0.0159802	0.0111943	0.00954302	0.102635
0.00620187	0.00813051	0.002591	0.0829645
0.0189426	0.0143766	0.00057414	0.0377478
0.0164693	0.0115274	0.000937789	0.0663871
0.011772	0.0133402	0.00761522	0.0737088
0.0121	0.00320377	0.00113028	0.0916003
0.0192853	0.0048819	0.00105021	0.0615269
0.0147199	0.00848249	0.00460594	0.0749835
0.0116195	0.0179041	0.000871742	0.0622897
0.0121667	0.0128175	0.00731979	0.0759374
0.0153981	0.0042048	0.0022861	0.0730557
0.0141169	0.00726847	3.17659e-05	0.0735054
0.0369896	0.0113931	0.00050036	0.0761029
0.0171853	0.0287011	0.0173362	0.0799669
0.0176585	0.0103256	0.00356818	0.0623194
0.0159403	0.00826758	0.000129155	0.0692254
0.00631633	0.0162451	0.00638787	0.0476938
0.0177355	0.00627337	0.00211811	0.0731439
0.0227431	0.00932874	0.00148645	0.0685996
0.013558	0.0255385	0.0174325	0.0794799
0.010866	0.0219851	0.0015365	0.0549769
0.00959446	0.00886951	0.000259831	0.0740886
0.0167282	0.00700304	0.000452951	0.046759
0.0210205	0.00697553	0.00348573	0.0602367
0.011524	0.0139674	0.00353831	0.059436
0.0195318	0.019962	0.00411347	0.0744377
0.0391806	0.0198519	0.00374096	0.0760948
0.0234776	0.00707097	0.00696718	0.0850115
0.0271103	0.0115878	0.00797029	0.0541186
0.0173063	0.0145809	0.00391301	0.06918
0.00952685	0.00519934	0.0103827	0.0679636
0.00764368	0.0259101	0.00212724	0.0696346
0.00840285	0.00927114	0.000251464	0.0560938
0.00693788	0.0101436	0.00400349	0.0590852
0.0307441	0.00336913	0.0123651	0.0641079
0.0106858	0.0226239	0.00142847	0.0922352
0.0360344	0.00784065	0.00235073	0.072604
0.0112779	0.0247021	0.00359147	0.0560247
0.00856628	0.00500194	0.00259941	0.0683892
0.00705178	0.00676782	0.00168393	0.0825444
0.0248381	0.0145829	0.000914106	0.054835
0.0126132	0.00650402	0.000979051	0.0644063
0.0152852	0.00392901	0.00113608	0.0661818
0.00732095	0.0149444	0.000912698	0.10905
0.0054138	0.00532931	0.00784126	0.108394
0.0287661	0.00468131	0.00554467	0.0883072
0.0316707	0.00837044	0.00322314	0.0742697
0.012492	0.00656944	0.00460217	0.080569
0.00710722	0.0051047	0.00095709	0.0503512
0.0259107	0.0230569	0.00300099	0.0778728
0.0248581	0.0144472	0.0157942	0.0947584
0.0190259	0.0102581	0.00218939	0.0565211
0.0130672	0.00792344	0.00133845	0.0619516
0.0263413	0.0125406	0.0048268	0.0721394
0.0269612	0.00911809	0.00437353	0.0630106
0.0192299	0.0125416	0.0039587	0.0781576
0.0283555	0.0105612	0.00367774	0.0338137
0.0103009	0.0112105	0.0035484	0.0507601
0.0113869	0.00634485	0.00113288	0.0641197
0.0118506	0.0117808	0.0120996	0.0857497
0.0287316	0.0122499	0.00959137	0.117052
0.0192693	0.00774264	0.013934	0.051313
0.0260406	0.00426334	0.00320045	0.071143
0.0173981	0.021143	0.00207492	0.0778718
0.00756393	0.0119384	0.00981744	0.0704004
0.0270927	0.00368933	0.00432772	0.073367
0.0187245	0.016422	0.000875657	0.106793
0.0134992	0.0185663	0.00225378	0.0525664
0.0152814	0.016767	0.00164687	0.0886116
0.0205683	0.00695656	0.00253361	0.0700426
0.00438777	0.00588538	0.00152362	0.122632
0.0134563	0.0151107	0.00321674	0.0746784
0.0187932	0.00451907	0.00027957	0.135299
0.028849	0.000677522	0.00131704	0.0982894
0.012599	0.00728844	0.00187787	0.109807
0.0174228	0.00380734	0.00149306	0.0740868
0.0108209	0.0144496	0.004721	0.0490232
0.00787458	0.0264192	0.00676794	0.0399098
0.00970839	0.00840365	0.0077362	0.0527922
0.00979966	0.0421646	0.000874521	0.102756
0.00970051	0.0140341	0.00914421	0.073099
0.0192225	0.0214485	0.0100585	0.0893361
0.0053677	0.00456734	0.000261006	0.0592959
0.0111878	0.0308199	0.00107998	0.0606494
0.0098272	0.00942353	0.0103939	0.0606346
0.0243205	0.00603546	0.00741353	0.0703297
0.013031	0.0224704	0.00191879	0.0958759
0.00872839	0.00966883	0.0075385	0.0767044
0.010041	0.0111565	0.00645335	0.053945
0.0182281	0.0211561	0.00631942	0.102533
0.0219122	0.0095948	0.000854693	0.0628814
0.0189892	0.00345149	0.000475995	0.085589
0.0183834	0.0116216	0.0125439	0.0852234
0.00758107	0.028558	0.010644	0.0745786
0.0103365	0.0173871	0.00707135	0.069061
0.018519	0.00761436	0.0050089	0.0476488
0.0112686	0.0123808	0.0029204	0.0498592
0.0120255	0.0113008	0.00378725	0.0731423
0.021966	0.0142213	0.00608433	0.0884249
0.0114748	0.00225322	0.000523769	0.0885709
0.0168868	0.00834205	0.000694085	0.0503122
0.00719446	0.00547913	0.00489427	0.0911742
0.0130886	0.0028393	0.00147175	0.0497104
0.0169933	0.0114617	0.00178535	0.0723152
0.00362731	0.00724814	0.00353807	0.0766594
0.0143774	0.0235306	0.00583798	0.0704112
0.0245463	0.00590818	0.00680536	0.0814308
0.0368138	0.00731685	0.00467792	0.0651499
0.00904749	0.0147299	0.00156089	0.0659399
0.00683878	0.0144277	0.00357402	0.0696627
0.011623	0.0106718	0.0101105	0.0438964
0.0248263	0.00611246	0.00424597	0.0593974
0.0276005	0.00949184	0.00412328	0.0613903
0.0123926	0.0113488	0.000482368	0.0524519
0.0121747	0.00423381	0.00344262	0.0734773
0.0151747	0.0184767	0.00109364	0.0903923
0.00596411	0.0104669	0.00863127	0.0619099
0.0297686	0.00593573	0.00391297	0.046818
0.00798312	0.0121595	0.00650991	0.0598105
0.0222679	0.00281261	0.00277015	0.0595299
0.023897	0.0173771	0.00113414	0.0606523
0.00749683	0.0124788	0.00407324	0.0441257
0.0147493	0.0145511	0.00974078	0.0774117
0.0435282	0.00588362	0.000893056	0.0956883
0.0163858	0.00499388	0.00154881	0.0678525
0.0131809	0.0154859	0.00150524	0.0532334
0.0114776	0.014727	0.0156157	0.0560317
0.0192148	0.00837673	0.00426196	0.0829319
0.00728949	0.01288	0.000496782	0.0562783
0.011291	0.00481707	0.000795894	0.0500451
0.0238637	0.0152707	0.00669623	0.109001
0.00750389	0.00779423	0.00575241	0.0613239
0.0291228	0.00664189	0.0042481	0.08725
0.0128792	0.0154601	0.00677273	0.0926209
0.0168589	0.0146451	8.24645e-05	0.0736012
0.0219874	0.0129479	0.000800283	0.0656443
0.0191642	0.0148136	0.00942712	0.110684
0.0179497	0.0116063	0.00219106	0.077965
0.0113241	0.00538124	0.00909518	0.0765033
0.0174392	0.0181835	0.00371948	0.0764421
0.010835	0.0233721	0.000191378	0.0655243
0.0108076	0.0119749	0.000118043	0.0926253
0.00664898	0.00450172	0.00255501	0.0507139
0.0186434	0.0118676	0.000805746	0.0630178
0.025248	0.00382625	0.0133579	0.0698237
0.0170171	0.00615519	0.000952285	0.106446
0.0191943	0.00905031	0.00308141	0.0527764
0.00753643	0.00914931	0.0165731	0.0546893
0.0184108	0.00627521	0.00379616	0.101624
0.0128443	0.016329	0.00279017	0.0726541
0.0102019	0.0131864	0.0133538	0.0762815
0.0224415	0.031933	0.000457479	0.0742672
0.00447144	0.0158237	0.00492016	0.0998045
0.00929387	0.0223593	0.00214242	0.0437044
0.00680394	0.0346244	0.0071993	0.0519151
0.0106936	0.0168768	0.00163081	0.058217
0.0284893	0.0171076	0.00188466	0.0392902
0.0100517	0.0100726	0.00262566	0.0769576
0.00500424	0.0219063	0.000346859	0.0723035
0.0123583	0.016117	0.00639141	0.0707314
0.00825436	0.013769	0.00574133	0.048339
0.0210706	0.00538978	0.0064313	0.0745222
0.0121938	0.01136	0.000963846	0.0816323
0.00862137	0.0111771	0.0133878	0.0748294
0.0265035	0.0281989	0.00576711	0.0811731
0.0126078	0.0139455	0.00635023	0.0896552
0.0177717	0.00579546	0.000379031	0.0934691
0.00839973	0.0208947	0.00258469	0.0929537
0.0229735	0.00201607	0.000274713	0.0631797
0.0267063	0.00339201	0.00179126	0.082873
0.0266267	0.0143393	0.00182436	0.0947051
0.0355061	0.00580394	0.00254278	0.0750521
0.0284944	0.00629062	0.00301131	0.0478707
0.020071	0.00959821	0.00206647	0.072299
0.0169691	0.0147376	0.00369608	0.0731162
0.0240754	0.00434121	0.00292313	0.0578622
0.00547809	0.00124257	0.00503839	0.0900425
0.0198055	0.00352238	0.00107339	0.075383
0.00859875	0.0169177	0.00211524	0.0835519
0.0143414	0.0409356	0.00739727	0.0635336
0.0136147	0.00472194	0.00426312	0.0710732
0.0121348	0.00594388	0.00852545	0.0686208
0.0125732	0.0021293	0.0101684	0.0659047
0.0077201	0.0126631	0.0023426	0.0563423
0.0143264	0.0120843	0.00153554	0.0578506
0.0113212	0.014462	0.000153985	0.0843679
0.0128572	0.00721381	0.000172762	0.0985631
0.00874995	0.0131282	0.00368672	0.0636834
0.0155167	0.00756657	0.0079312	0.0815987
0.0112951	0.0175776	0.000955314	0.0522575
0.0223779	0.016942	0.00104863	0.0523874
0.0099866	0.00638483	0.000447709	0.0612429
0.0281011	0.0111193	0.0136392	0.0638877
0.0131901	0.00974165	0.000369465	0.0834146
0.017744	0.00976609	0.000480517	0.0828435
0.00712351	0.0181279	0.000302189	0.0698012
0.0111386	0.0115492	0.00603622	0.0680424
0.0079768	0.0113496	0.00390274	0.0723121
0.0184691	0.0128177	0.00444471	0.0663842
0.0228835	0.0120754	0.000565534	0.0681879
0.0046444	0.0249089	0.0022323	0.0436538
0.0224555	0.0138605	0.0061722	0.0874078
0.0135114	0.0118896	0.00428918	0.0855086
0.0145797	0.0173337	0.00110881	0.0744182
0.0108505	0.0111498	0.00326766	0.0504655
0.0146816	0.0179089	0.00216012	0.0526734
0.0175987	0.0167455	3.58202e-05	0.0894346
0.0165318	0.0150365	0.000327434	0.0676038
0.0122396	0.00771661	0.00349583	0.0751796
0.0047802	0.0108956	0.0156828	0.0700814
0.0161226	0.0152926	0.0100892	0.0870125
0.00770774	0.00783258	0.00586021	0.0776611
0.0200922	0.00815135	0.00276399	0.101006
0.0213164	0.00664316	0.00154876	0.0541259
0.0227831	0.0185689	0.00598396	0.0801131
0.0099247	0.0108928	0.00657854	0.0666669
0.0144781	0.00882109	0.000651753	0.054244
0.00858567	0.0270273	0.00245412	0.0683567
0.0132155	0.00776595	0.00808091	0.0674116
0.0188896	0.00547027	0.00334745	0.0720583
0.0154309	0.00698647	0.00377609	0.0825335
0.00784795	0.0151139	0.00717131	0.0779935
0.0220964	0.0115184	0.00119203	0.0718646
0.0118375	0.005379	0.00218716	0.0634259
0.0167935	0.0153651	0.00350661	0.0728324
0.0186291	0.00812442	0.00218458	0.0938348
0.0237182	0.00943246	0.00166259	0.0656431
0.00490869	0.00871921	0.0052746	0.0678758
0.00365032	0.0126868	0.00202037	0.0731407
0.0189082	0.0105811	0.00109295	0.059038
0.0280996	0.00460512	0.00445532	0.0751633
0.0245872	0.00286472	0.0020087	0.0812404
0.00433344	0.0137533	0.000152195	0.0602045
0.0224752	0.0138702	0.00420449	0.0845796
0.0090947	0.00494459	0.0143074	0.103169
0.0193284	0.00975631	0.000243364	0.0625658
0.01934	0.0183531	0.000792356	0.0991682
0.0170234	0.00308089	0.008073	0.0940571
0.0245363	0.0076367	0.00377281	0.0690396
0.00279539	0.0204049	0.000668008	0.0462995
0.00888727	0.015378	0.00712329	0.0617982
0.0077799	0.010423	0.00425262	0.0777248
0.00468349	0.0132282	0.00569793	0.052146
0.012853	0.0117217	0.00181922	0.0380668
0.0109611	0.00374192	0.00460858	0.124063
0.0134355	0.00426021	0.00696498	0.069941
0.0106973	0.019915	0.00586498	0.0827177
0.0155177	0.0116858	0.00107912	0.104322
0.0166614	0.0116682	0.000690018	0.0591561
0.017902	0.0103626	0.00208976	0.0398698
0.00664891	0.00854695	0.00620417	0.0798843
0.00467982	0.0144191	0.00738374	0.103153
0.0211342	0.0132074	0.00789829	0.0844702
0.0197795	0.0010315	0.00323687	0.0511494
0.0302318	0.0139954	0.000877343	0.0853197
0.0179326	0.00930966	0.00323709	0.108552
0.0122209	0.0135188	0.00918643	0.0902479
0.00978119	0.034081	0.000636852	0.0565199
0.0188846	0.00843932	0.0193776	0.0525132
0.0276738	0.0113273	0.000763775	0.0835364
0.00877178	0.0215848	0.00815915	0.0758
0.011722	0.0103655	0.00351825	0.0849433
0.0134617	0.00897419	0.00545342	0.0690263
0.0366789	0.00821052	0.00185466	0.0755798
0.0039645	0.00867998	0.000347826	0.0844546
0.0246907	0.0142624	0.00134464	0.0780328
0.0310224	0.0157052	0.0017121	0.0669095
0.0167621	0.0180215	0.00840838	0.0560855
0.0140684	0.00173826	0.0024326	0.0664533
0.0122085	0.0164932	0.0014826	0.110095
0.0235831	0.00625392	0.00593776	0.0819404
0.0205163	0.0236642	0.00153509	0.0667773
0.0128455	0.00839123	0.00011407	0.0372508
0.01893	0.0205798	0.0107991	0.0600524
0.0152282	0.0109728	0.0065381	0.0648153
0.00777003	0.00871817	0.00262785	0.0972407
0.0151239	0.0106421	5.82208e-06	0.102093
0.0227503	0.00760709	0.0091584	0.0372585
0.0192505	0.00907625	0.00012232	0.0486226
0.0177562	0.0061513	0.000479105	0.0705195
0.0145374	0.0143612	0.000797124	0.0616394
0.0246334	0.0134498	0.0139729	0.0971035
0.0275567	0.00543603	0.0042908	0.0644241
0.0146369	0.00381685	0.000973127	0.0696709
0.0135627	0.0162589	0.000626105	0.109521
0.0121891	0.0155342	0.00105893	0.0578061
0.0120412	0.0338646	0.00424202	0.0525163
0.0134204	0.0082794	0.00172833	0.0853601
0.0331291	0.00386764	0.0091566	0.10074
0.0176134	0.00417082	0.010928	0.0823792
0.00364568	0.0127899	0.000957363	0.0547895
0.0174895	0.0177945	0.0103219	0.0714926
0.0080541	0.0102067	0.00246898	0.063994
0.0306757	0.0146745	0.00146385	0.0815023
0.0223722	0.00185443	0.00302688	0.0903413
0.0114613	0.00939739	0.0115811	0.0647573
0.0260866	0.0156067	0.000376089	0.0807301
0.0219533	0.0103925	0.000230699	0.0817467
0.0134882	0.00393566	0.00134186	0.0840709
0.0110108	0.00470315	0.000260059	0.0951534
0.0118442	0.00710725	0.000692206	0.051145
0.03123	0.0164285	0.00355064	0.0885589
0.0105747	0.0375677	0.00726363	0.0812467
0.0116753	0.0210564	0.00695231	0.0737773
0.0297228	0.00312588	0.00567167	0.0427992
0.031633	0.017398	0.00854675	0.111076
0.00400802	0.00440482	0.00187247	0.0772847
0.0114201	0.0175865	0.000617445	0.0505149
0.0126586	0.0090286	0.000304403	0.0735017
0.00432022	0.0103008	1.19976e-05	0.100128
0.0262989	0.0156986	0.00553823	0.0878045
0.0109225	0.00801543	0.00317416	0.0788739
0.0122107	0.0164079	0.000773078	0.1065
0.0384276	0.007784	0.000342431	0.0716665
0.0187691	0.0141494	0.0101302	0.0583791
0.020449	0.0148672	0.00614024	0.0934401
0.014452	0.0211869	0.00542449	0.0825436
0.00757273	0.00531187	0.00887874	0.0555407
0.013125	0.00448472	0.00320733	0.0846885
0.0243732	0.00760925	0.00648473	0.0855363
0.0235768	0.0042171	0.00599626	0.0611897
0.0170799	0.00509954	0.000519974	0.0789242
0.0115784	0.00389258	0.0123825	0.0843483
0.0163347	0.00900947	0.00591865	0.0417374
0.00542942	0.00723073	0.00278755	0.0667495
0.015232	0.0160539	0.000242471	0.0721824
0.0151958	0.00971433	0.000138211	0.0690765
0.0149701	0.00843469	0.0118291	0.0687082
0.00329782	0.0113236	0.00185655	0.102372
0.00741737	0.00421039	0.00023828	0.0752539
0.0133562	0.0142821	0.00967148	0.064318
0.0216888	0.00630988	0.000251459	0.0960472
0.00792972	0.0142409	0.0159918	0.0844965
0.00652529	0.0136547	0.00780201	0.0593521
