0.5	0	0	40
0.0364889	0.0119906	0.00552844	0.0891677
0.0579896	0.0180972	0.00208091	0.0643212
0.0229393	0.0169695	0.00498914	0.0855774
0.015907	0.0252552	0.00253068	0.105402
0.0311807	0.0252623	0.000820771	0.105118
0.0304938	0.038348	0.00310325	0.0851234
0.0488191	0.0244458	0.00672847	0.0795379
0.0302889	0.0187053	0.000910175	0.0767407
0.0178421	0.0394026	0.00311857	0.112753
0.030827	0.0331367	0.00231356	0.0892766
0.0464479	0.0150543	0.00326569	0.0868506
0.0298392	0.0247204	0.00120198	0.0742653
0.0380104	0.0155719	0.00327368	0.0869512
0.0602896	0.00716456	0.00323024	0.0786926
0.0636409	0.0342774	0.00277467	0.124038
0.0529673	0.0311913	0.0054489	0.0767962
0.0141843	0.0310083	0.00798744	0.126884
0.048137	0.0298797	0.00664977	0.0604411
0.032098	0.0133097	0.00594314	0.109206
0.0539851	0.0188378	0.0109738	0.0653557
0.0400887	0.0196804	0.0118591	0.0989077
0.0286918	0.0133889	0.0047458	0.111335
0.0355095	0.0217898	0.0354004	0.0983547
0.0150201	0.0208046	0.00104254	0.0923782
0.0157492	0.0206529	0.00130764	0.118789
0.0282449	0.0243623	0.000618855	0.103399
0.0327858	0.0067025	0.00140605	0.0744969
0.0191809	0.0134833	0.00236319	0.100397
0.0270685	0.0296289	0.0129568	0.0867395
0.0369965	0.0183896	0.000424223	0.0989677
0.036899	0.0295867	0.0155203	0.106318
0.0731298	0.0136884	0.00274735	0.0727743
0.0272175	0.0177237	0.000124973	0.113491
0.0213581	0.00773818	0.00850139	0.14344
0.0264237	0.018215	0.00366215	0.116617
0.0186393	0.0388429	0.0106161	0.0843662
0.0492421	0.0201989	0.00921979	0.0805082
0.0490443	0.0348827	0.000165668	0.0954637
0.0457551	0.0393612	0.0105801	0.0691504
0.0401886	0.0208748	0.000265895	0.0880073
0.0521239	0.0242306	0.00494176	0.0968655
0.0253076	0.0235656	0.00475584	0.0875656
0.0266226	0.0287513	0.00704042	0.109507
0.0152656	0.0551344	0.00562615	0.106159
0.0411219	0.0432761	0.0045036	0.0954284
0.027797	0.0338262	0.00794234	0.0797316
0.039648	0.0138872	0.00943174	0.113503
0.0953572	0.037548	0.00875431	0.121314
0.0319908	0.0205882	0.00231647	0.107862
0.0479378	0.0283726	0.021838	0.127176
0.0151806	0.0165054	0.000434239	0.0719418
0.0306314	0.0086175	0.00279268	0.139515
0.0389925	0.0293268	0.00549979	0.0670971
0.051467	0.00948382	0.000576419	0.0729168
0.0323903	0.018772	0.0018953	0.0857177
0.0197379	0.05151	0.0206088	0.109841
0.0270828	0.0227976	0.0104024	0.0755933
0.0254172	0.0509458	0.00988925	0.112703
0.0349862	0.0252291	0.00153944	0.108739
0.031615	0.0340276	0.00228218	0.0726193
0.0628152	0.0426984	0.00582595	0.0845311
0.0253467	0.0204966	0.0113753	0.106104
0.0543335	0.0219252	0.00363195	0.107903
0.0688527	0.0249201	0.00223791	0.0867435
0.0534138	0.0197407	0.0015524	0.0993692
0.0389273	0.0163496	0.0217882	0.116676
0.0193677	0.0222298	0.00158832	0.0822575
0.0452845	0.0176467	0.00477016	0.0769873
0.0331413	0.031751	0.00917695	0.118239
0.0382023	0.0563498	0.00236721	0.0899447
0.0351315	0.0378704	5.16204e-05	0.175527
0.0308398	0.0159676	0.00810364	0.0888383
0.0141369	0.0157185	0.000142261	0.102315
0.0276767	0.0264347	0.000245286	0.141549
0.0127367	0.0242622	0.00214343	0.0950788
0.0549019	0.0124262	0.000607962	0.0759876
0.0311791	0.0149513	0.0042326	0.0827072
0.0379792	0.035545	0.00413229	0.113923
0.0442709	0.0487452	0.00117813	0.130194
0.0277117	0.0250333	0.00684315	0.0885975
0.0437885	0.0356413	0.00114635	0.124116
0.0289912	0.0155969	0.000374865	0.0578329
0.040292	0.0108305	0.00334068	0.0802349
0.036818	0.0217732	0.00165012	0.0934739
0.0227372	0.0361839	0.000177685	0.114644
0.0421675	0.0273391	0.00646404	0.0949659
0.019651	0.0321191	0.0127969	0.112368
0.0489951	0.0270266	6.95095e-05	0.105853
0.0331132	0.0235555	0.00219822	0.100764
0.0275681	0.0249749	0.011822	0.0668596
0.0349408	0.0466293	0.00113616	0.0607601
0.0695677	0.017412	0.00218943	0.0920562
0.0459655	0.0329033	0.000928619	0.0901299
0.029068	0.0130883	0.000727836	0.0856374
0.0502092	0.0266225	0.000272076	0.0717938
0.0360818	0.0378797	0.00130827	0.109625
0.0497656	0.0304	0.00739224	0.0870838
0.0129003	0.0144108	0.00133911	0.0770205
0.0326558	0.0309383	0.0144752	0.0722366
0.0115118	0.025231	0.00103082	0.121683
0.0162091	0.0140062	0.00230349	0.126054
0.0358727	0.0270722	0.00362708	0.0782979
0.0343196	0.0231528	0.00794161	0.115837
0.0290934	0.0253911	0.000260927	0.0950455
0.0467267	0.0443722	0.000535676	0.0646266
0.015834	0.0185036	0.00717784	0.0726235
0.057156	0.0205244	0.00592484	0.103974
0.0248516	0.0337594	0.00299073	0.105487
0.0263175	0.0261895	0.00471453	0.105578
0.0339221	0.0141627	0.00132161	0.100134
0.0311412	0.0240032	0.00933677	0.0934006
0.0489475	0.0487766	0.00322546	0.0971406
0.0222071	0.0143674	0.00393525	0.134915
0.0239131	0.0215435	0.000135415	0.141552
0.0610422	0.0167697	0.00261945	0.120058
0.0500158	0.0282446	0.00564538	0.0739243
0.0191835	0.0417672	0.00261866	0.130365
0.0144644	0.0262208	0.00364748	0.125713
0.044342	0.0398722	0.0062157	0.0948658
0.0204204	0.0372026	0.00237026	0.132412
0.0212907	0.0296753	0.0067451	0.120287
0.0369772	0.0361851	0.00359794	0.0916955
0.0425494	0.0307676	0.00272415	0.121422
0.0369601	0.0522743	4.67539e-05	0.172768
0.0579059	0.0251346	0.0014734	0.0966966
0.0110767	0.0385429	0.000928995	0.0953278
0.0235433	0.0296424	0.000650316	0.140535
0.0192297	0.018004	0.000351888	0.101712
0.0200517	0.0376897	0.00243668	0.105417
0.0320141	0.0366326	0.00267743	0.142762
0.0241454	0.0199275	0.00297127	0.103755
0.0260627	0.0222482	0.005511	0.0952163
0.0302247	0.0236487	0.00641661	0.0952668
0.048081	0.0773941	0.00673148	0.13804
0.0224556	0.0242012	0.00270176	0.0960618
0.0347837	0.0309379	0.000112539	0.0855612
0.0269156	0.0228039	0.000350992	0.141979
0.030502	0.0282401	8.55801e-05	0.135868
0.0331773	0.025191	0.000507983	0.109904
0.0562669	0.00647332	0.00365068	0.123997
0.0289707	0.0217398	0.00797563	0.123236
0.0418205	0.0127344	0.000121574	0.0848277
0.021302	0.0260609	0.00282866	0.119681
0.0381394	0.0252126	0.0132198	0.0931693
0.037347	0.0126429	0.0049374	0.107181
0.0518052	0.0211462	0.00862263	0.103371
0.0338345	0.0357938	0.0135463	0.0827367
0.0193561	0.0281088	0.00117856	0.122367
0.027316	0.0277479	0.00974861	0.124494
0.0361199	0.020209	0.00506453	0.0685883
0.0263725	0.0203202	0.000437299	0.0626547
0.0226252	0.0152638	0.000618743	0.0695221
0.0326444	0.0114306	0.00210028	0.118754
0.017381	0.00837739	0.00112843	0.105991
0.0235886	0.011952	0.0026823	0.109159
0.0290605	0.0462107	0.00797028	0.0990153
0.0439237	0.0492036	0.00376424	0.0737273
0.035424	0.0366173	0.0148275	0.0932155
0.0354103	0.0134616	0.000188152	0.0823757
0.058848	0.0386373	0.000837663	0.100681
0.0248606	0.0392719	0.000604275	0.0760138
0.0271004	0.017261	0.00187153	0.11674
0.0241419	0.0130265	0.00364801	0.0702546
0.0431759	0.0214885	0.00750564	0.0559995
0.0531195	0.0293491	0.000700683	0.0928702
0.0419346	0.0220414	0.000601335	0.141615
0.046161	0.0217764	0.0039419	0.0772263
0.0145626	0.0476027	0.00256811	0.103453
0.0308993	0.024234	0.00045379	0.121661
0.0324521	0.0311756	0.00161739	0.100159
0.0393986	0.0231438	0.00398626	0.11032
0.0205298	0.0203994	0.00271217	0.0747935
0.0439782	0.0213514	0.00048625	0.0638831
0.0147259	0.0396536	0.0114886	0.0953061
0.0301388	0.0544254	0.00166628	0.102912
0.0449982	0.0260085	0.00121474	0.113378
0.0348757	0.0224948	0.00436544	0.105166
0.0219499	0.0429697	0.0021291	0.0746931
0.036575	0.0166962	0.001105	0.0915522
0.0509739	0.0432953	0.00188387	0.107305
0.0200335	0.0345049	0.00498645	0.0587002
0.0223432	0.0259463	0.000953864	0.0894471
0.0169561	0.0579924	0.000518733	0.0951174
0.043319	0.0255585	0.000210395	0.0776017
0.0324478	0.0165115	0.00318102	0.115465
0.0443745	0.0177845	0.00795065	0.100895
0.0339215	0.0414623	0.00350569	0.0980781
0.0324297	0.0294069	2.08725e-05	0.100518
0.034325	0.0421779	0.00241871	0.105256
0.0263461	0.0247587	0.00144304	0.0990266
0.0242772	0.0187328	0.00136724	0.0755173
0.0662338	0.0382783	0.00093456	0.122511
0.0240548	0.0151943	0.00269098	0.0857988
0.0340344	0.047454	0.00714627	0.0776129
0.040649	0.0404294	0.00222049	0.133725
0.0404307	0.0335283	0.00362598	0.0846123
0.0387242	0.0256357	0.00171048	0.110117
0.0269448	0.0226363	0.00952724	0.0750946
0.039268	0.0378343	0.00469817	0.0705165
0.0337068	0.0257268	0.00282662	0.135542
0.06088	0.00952642	0.00075219	0.0930962
0.0244052	0.0135353	0.00601321	0.104772
0.0475752	0.0334997	0.00854891	0.115366
0.0299074	0.0284022	0.00936042	0.0792606
0.0190889	0.0339511	0.00560328	0.0907467
0.0211919	0.0497796	0.000426839	0.120401
0.0469757	0.0400254	0.000370774	0.0681324
0.0320106	0.0198514	0.00977055	0.129742
0.0633038	0.017771	0.000675903	0.0961408
0.0340094	0.0267283	0.0177927	0.134523
0.0235994	0.0228916	0.00435583	0.136106
0.0312863	0.0207693	0.000977884	0.104987
0.0169977	0.0297656	0.00328364	0.0995718
0.040456	0.0263893	0.00197512	0.111186
0.021813	0.014216	0.00473681	0.103997
0.0334632	0.0300006	0.00509036	0.0663034
0.0290761	0.0634227	0.000509282	0.0742312
0.0339894	0.0171692	0.000574117	0.104074
0.0319219	0.0296451	0.000198364	0.0809781
0.0281151	0.0312753	0.00153853	0.117283
0.0242076	0.0239756	0.00199769	0.125764
0.0365724	0.0200123	0.00329297	0.0914675
0.016343	0.033333	0.00388312	0.0896291
0.018342	0.0513268	0.00163286	0.0752198
0.0340854	0.0276625	0.00220674	0.12114
0.0485819	0.0234188	0.00281424	0.127244
0.0420491	0.0244969	0.0013389	0.0861594
0.0224348	0.0313785	0.0129717	0.109669
0.0373435	0.00372259	0.00345303	0.078476
0.0322371	0.0276061	0.00426647	0.0784941
0.0231731	0.0485186	0.000219455	0.114449
0.0433122	0.0177177	0.00550822	0.106008
0.0543326	0.0393637	0.0096388	0.0955717
0.0325236	0.0186553	0.00180611	0.0894649
0.0340216	0.0279804	0.000924914	0.103063
0.033999	0.0384254	0.000926162	0.0923645
0.0197641	0.0148276	0.0127139	0.128801
0.0457925	0.0273568	0.000241429	0.0904655
0.0416327	0.0318973	0.00907865	0.100659
0.0461776	0.0362973	0.00541347	0.0635106
0.049992	0.0125149	0.00667322	0.0934457
0.0646397	0.050517	0.00742104	0.0968161
0.0493656	0.00972154	0.00815383	0.159143
0.0361215	0.0282529	0.000800913	0.10902
0.0279721	0.0309956	0.00303277	0.0943186
0.0321656	0.0361017	7.75061e-05	0.125922
0.022726	0.0194025	0.00658938	0.0798422
0.0351535	0.0110951	0.00525095	0.0847618
0.0323854	0.00931667	0.0056844	0.0612276
0.0424704	0.0211123	0.00181497	0.0861589
0.0144124	0.0183209	0.00129987	0.099409
0.0179247	0.0125501	0.00643221	0.0777817
0.0460507	0.0212437	0.00256391	0.100684
0.0487084	0.017788	0.00170607	0.128511
0.0255272	0.00594723	0.00143352	0.0822853
0.0535342	0.0196331	0.00455666	0.0651878
0.040623	0.0204969	0.00396734	0.105395
0.0335798	0.0172865	0.00185254	0.107073
0.0189276	0.0041406	0.00668279	0.0873035
0.0538236	0.026732	0.00147267	0.101784
0.0387597	0.0180992	0.00134905	0.100404
0.0491187	0.0545709	0.00274904	0.0890992
0.0404337	0.0246818	0.0236358	0.0844924
0.0528659	0.00579731	0.012127	0.078264
0.0217788	0.0143833	0.00202747	0.0890639
0.0281053	0.0294927	0.000411476	0.073083
0.021559	0.0217774	0.00589364	0.0921582
0.0499149	0.0435751	0.0031978	0.117763
0.0249131	0.0234853	0.00441116	0.100843
0.0298311	0.0225366	0.00509411	0.0793393
0.0216816	0.0314608	0.00354023	0.0847222
0.0543994	0.0497146	0.00324956	0.126409
0.02966	0.0236548	0.00191294	0.079781
0.0474597	0.0188336	0.017201	0.0916767
0.0243558	0.0176416	0.0126574	0.0833574
0.0303809	0.0409676	0.000800356	0.100951
0.0283794	0.0443796	0.00851661	0.11939
0.025332	0.0302498	0.00233365	0.125422
0.0408395	0.0348887	0.0101768	0.108173
0.0387749	0.0300444	0.00110355	0.103329
0.0350959	0.045806	0.0148016	0.0901281
0.025002	0.0150483	0.000336124	0.0632291
0.0470062	0.0393388	0.00764088	0.104665
0.0366002	0.0293337	0.00363411	0.0977856
0.0544421	0.0230403	0.00835064	0.109555
0.030572	0.028809	0.0037243	0.149121
0.0433592	0.0159341	0.00327047	0.0724716
0.0538694	0.0270077	0.001895	0.13225
0.0265198	0.0165568	0.000651503	0.0999208
0.0342409	0.0180885	0.00844483	0.0627968
0.0155611	0.0317129	0.000175443	0.0925084
0.0188265	0.0300628	0.00141718	0.118681
0.0475835	0.0324982	0.00443133	0.0964938
0.0389382	0.0182671	0.00132143	0.0874049
0.0209083	0.0267588	0.00409911	0.115853
0.0290488	0.0350948	0.000913019	0.078975
0.0480007	0.0292098	0.00756981	0.102834
0.0437617	0.0119579	0.000572828	0.118601
0.0331441	0.0189006	8.64952e-05	0.108367
0.0277184	0.0208985	0.0122441	0.0671354
0.0258599	0.0621061	0.0120926	0.090612
0.0339585	0.0324306	0.003792	0.0695315
0.0303335	0.0218476	0.000183387	0.10294
0.0590076	0.0293669	0.000312629	0.0714667
0.0247295	0.0233389	0.00341325	0.087611
0.0444251	0.0354038	3.59748e-05	0.0918929
0.0227111	0.0325011	0.00372553	0.125645
0.0522784	0.0287578	0.00150148	0.08874
0.0123586	0.0137778	0.00153622	0.0930408
0.0419243	0.0238224	0.000228109	0.138191
0.0342628	0.0330614	0.00164624	0.103909
0.0195398	0.0288073	0.00943286	0.132834
0.0163253	0.0197362	0.000538692	0.127587
0.026888	0.0503957	0.000304048	0.11519
0.0305843	0.0325916	0.00158031	0.135443
0.054442	0.0322626	0.00607886	0.0966816
0.0169254	0.0172009	0.00304429	0.112302
0.027493	0.0171524	0.00154013	0.0710484
0.0360375	0.0396484	0.00328537	0.0973534
0.024118	0.0250141	0.00374384	0.0840796
0.0436437	0.0371611	0.000986311	0.117496
0.037391	0.0257246	0.00533245	0.0871767
0.0160178	0.0178146	0.00210437	0.0975727
0.0426592	0.047292	0.00129716	0.131735
0.0175037	0.0539777	0.000351376	0.146861
0.0264602	0.0303159	0.012137	0.0878857
0.0530318	0.0235776	0.00358246	0.0793684
0.0285225	0.0295195	0.0041658	0.0685711
0.0795536	0.016313	0.000474042	0.103364
0.0409249	0.0149261	0.00649646	0.106067
0.035329	0.0224782	0.0052058	0.103678
0.0356206	0.0115746	0.002542	0.0982508
0.0218415	0.0236926	0.0158399	0.0813575
0.0185048	0.0268115	0.00218036	0.0901218
0.0283491	0.0319745	0.00600387	0.105733
0.0236658	0.0328355	0.00208188	0.0870254
0.0420889	0.0123187	0.000160853	0.0842862
0.0175596	0.0369146	0.0030741	0.0833718
0.0320201	0.0179687	0.00160661	0.0705169
0.0448481	0.0225685	0.00475242	0.0875269
0.0413015	0.0352125	0.0010827	0.130775
0.0273792	0.0262429	0.00491689	0.100571
0.0294397	0.0275195	0.00643745	0.087732
0.023382	0.0281611	0.00113343	0.0720934
0.0247804	0.0309323	0.00301384	0.116441
0.0184626	0.0235557	0.0106657	0.116574
0.0453997	0.0239293	0.00692387	0.0718268
0.0447634	0.0260971	0.000448425	0.136249
0.0605898	0.038712	0.00381126	0.127735
0.0166549	0.0262787	0.0012423	0.0721776
0.0513458	0.0214536	0.00556856	0.119983
0.029972	0.026911	0.000774719	0.0937776
0.0403647	0.0298508	0.00695528	0.0953801
0.0177062	0.0186361	0.0165632	0.0810643
0.0326123	0.0291831	0.00464218	0.0875692
0.0417834	0.0223756	0.000801162	0.114507
0.0352675	0.0300517	0.00918581	0.12172
0.0376792	0.0308945	0.00261355	0.105725
0.0308525	0.00821719	0.000184644	0.101881
0.0305196	0.0195119	0.000669663	0.0764286
0.0263721	0.0210308	0.00754431	0.119636
0.0117582	0.0087942	0.00340016	0.0947087
0.0452412	0.0149458	0.00169527	0.0922643
0.0603984	0.0158521	0.00297177	0.108677
0.0266723	0.0197473	0.000604048	0.0807979
0.0315998	0.019034	0.00396917	0.100554
0.052379	0.0280045	0.00276775	0.134365
0.0161592	0.00871736	0.00626382	0.121837
0.0293668	0.0126319	0.0111667	0.0830813
0.0450711	0.0326066	0.00830867	0.102258
0.0177659	0.0122989	0.0100774	0.0860631
0.0304048	0.022684	0.00851505	0.0699579
0.0193898	0.043173	0.0010029	0.0665259
0.036557	0.0344321	0.00620262	0.0769788
0.0284537	0.0409458	0.00988062	0.0795337
0.0293731	0.0147615	0.00252953	0.125044
0.0197682	0.0518415	0.00259553	0.103171
0.0400286	0.0254841	0.00157463	0.089137
0.0204869	0.0260013	0.000688716	0.124572
0.0401112	0.0213413	0.00262475	0.136716
0.034188	0.0231203	0.00338796	0.0956555
0.0562988	0.0274705	0.0227726	0.0886597
0.0168359	0.0154008	0.00359264	0.0675453
0.024706	0.0324867	0.00039847	0.103286
0.0204447	0.0114054	0.000152296	0.0691539
0.04037	0.0199355	0.00156191	0.088266
0.04321	0.0207268	0.00510765	0.100794
0.03308	0.0262443	0.000321271	0.108183
0.0247419	0.0387629	0.000998705	0.0931291
0.0369611	0.0499901	7.3115e-05	0.118544
0.0291646	0.0203385	0.010262	0.0956864
0.0510358	0.0300544	0.0122966	0.107147
0.0218474	0.0335766	0.0154422	0.0846443
0.0433388	0.0363545	0.00514949	0.149186
0.0530497	0.0180998	0.00363975	0.0889831
0.0255755	0.0316396	0.000309292	0.0885229
0.0340229	0.0139328	0.00404132	0.0845737
0.0226846	0.0130062	3.83773e-05	0.103178
0.0331687	0.0249045	0.0156021	0.0979642
0.0270014	0.016222	0.0038688	0.0924419
0.0289918	0.0215078	0.000374901	0.0771525
0.0401804	0.058763	0.000376784	0.0767211
0.0437004	0.0331769	0.00880845	0.101556
0.0299909	0.0204765	0.000806282	0.0782461
0.0399361	0.0263845	0.00167634	0.0789465
0.0218264	0.0129204	0.00435523	0.120127
0.0480408	0.0261776	0.000530605	0.135303
0.0200926	0.0273443	0.0108686	0.0975047
0.0295087	0.022179	0.000454483	0.0809406
0.0329007	0.0112556	3.09222e-05	0.0692249
0.054182	0.0275576	0.00255699	0.141085
0.0453659	0.0090537	0.00643272	0.0915068
0.0366507	0.0175808	0.00148268	0.100986
0.038363	0.0253029	0.00063494	0.0637118
0.038913	0.0287159	0.0056459	0.10466
0.0614891	0.0272117	0.00760247	0.11664
0.031952	0.0373166	0.0127986	0.104549
0.094167	0.0139585	0.000519556	0.114819
0.0370864	0.0134408	0.00114463	0.0838501
0.0806888	0.0189702	0.000971645	0.118953
0.0353672	0.0176464	0.00131201	0.11626
0.0461705	0.035402	0.00207577	0.132266
0.0325405	0.0471583	0.00211806	0.0717643
0.0253956	0.0120595	0.000368641	0.0966414
0.0361953	0.0080775	0.000927298	0.100027
0.0398493	0.0286816	0.00684614	0.096705
0.0432878	0.0108694	0.00294743	0.144094
0.0386658	0.0237634	0.00631986	0.0890846
0.0269722	0.0399853	0.000561145	0.106997
0.044798	0.0132766	0.000459049	0.0796671
0.0123885	0.0137071	0.0104295	0.124786
0.0243241	0.0180533	0.000757081	0.106605
0.0194501	0.0155362	0.00839314	0.0575766
0.0558321	0.0375894	0.0018017	0.0751981
0.0293746	0.0224957	0.00366135	0.0976143
0.0239463	0.0310183	0.00469626	0.0883713
0.0203814	0.0265113	0.00863832	0.10242
0.030875	0.0334515	0.00356642	0.0568981
0.0190359	0.0274383	0.00118848	0.107532
0.0266586	0.0170287	0.00384512	0.126147
0.0306033	0.0235505	0.00611785	0.134405
0.0270259	0.0254802	0.00344981	0.117678
0.0244538	0.0395297	0.00775809	0.0767971
0.0221109	0.0233881	0.00464213	0.13287
0.0296301	0.0220503	0.000202143	0.126856
0.0436862	0.0342473	0.000423358	0.0885683
0.0257833	0.0277662	0.000105447	0.0960754
0.0653071	0.0258851	0.00388383	0.103601
0.0454627	0.0195488	0.000575546	0.101181
0.0329382	0.0189158	0.00111499	0.0728948
0.0383844	0.0264991	0.000417073	0.0903403
0.0364539	0.0189255	0.010124	0.198947
0.0330262	0.0195961	0.000244368	0.114918
0.0624211	0.00660346	0.00628426	0.101061
0.0377519	0.0131977	0.00144934	0.0921086
0.0279413	0.0334438	4.83872e-05	0.0884947
0.0361909	0.0263086	0.0028315	0.0710197
0.0254912	0.0520628	0.00393566	0.113563
0.0524897	0.013877	0.012195	0.155212
0.0405601	0.0146859	0.017059	0.102352
0.0284678	0.0285005	0.00355617	0.0846625
0.0387504	0.0253276	0.000898201	0.0820084
0.042449	0.032961	0.0132644	0.103157
0.019821	0.0330507	0.00850139	0.0875228
0.0345028	0.0115302	0.00207876	0.0836955
0.0398962	0.0285861	0.00387128	0.101892
0.0313216	0.0211061	0.00261782	0.110333
0.0513291	0.0237992	0.0103335	0.137296
0.0560744	0.0276306	0.000682562	0.125853
0.0436279	0.0229678	0.00767906	0.103568
0.0366577	0.0789696	0.00496891	0.0985163
0.0554639	0.017913	0.00138807	0.104996
0.0367666	0.0158528	0.00133084	0.0849785
0.0452105	0.0413316	0.0181685	0.126493
0.0354722	0.0591247	0.000701039	0.0949603
0.0342432	0.0241099	0.00271263	0.105157
0.0242995	0.0365532	0.00329777	0.129378
0.0633261	0.0214593	0.00066905	0.110626
0.120254	0.0566905	0.0113405	0.0924249
0.122193	0.00968349	0.00388881	0.0963847
0.131539	0.0295577	0.0144883	0.105408
0.0798267	0.0229574	0.0255903	0.0932655
0.032356	0.0231	0.0127477	0.0797346
0.0375479	0.0205316	0.0136639	0.0630958
0.0446806	0.0139926	0.00395816	0.0635242
0.0566438	0.0135658	0.000928625	0.097812
0.0469021	0.0227184	0.0123592	0.10229
0.0400757	0.0178327	0.00747031	0.0872063
0.10149	0.0253352	0.0138762	0.0732866
0.0722449	0.0181119	0.00330377	0.082345
0.0705759	0.0226323	0.0192612	0.0867763
0.0388993	0.039321	0.00522782	0.0884976
0.0431596	0.0288489	0.0088302	0.11494
0.0800182	0.0254543	0.00831482	0.0946011
0.0944465	0.0064518	0.00584979	0.151623
0.0522574	0.0186894	0.00399098	0.0902109
0.0838972	0.0127247	0.0168387	0.079435
0.0728178	0.0346498	0.000671002	0.08791
0.0718631	0.0160293	0.0120169	0.0682167
0.0546958	0.0181115	0.0198338	0.0835606
0.0477513	0.0161549	0.0331955	0.0897197
0.0539261	0.0360734	0.0030937	0.117673
0.10682	0.0258591	0.00359667	0.0544978
0.0553652	0.0420068	0.0272009	0.088988
0.0979445	0.0188208	0.0217643	0.116522
0.0517816	0.0214773	0.00572624	0.0982019
0.12964	0.0266523	0.0192799	0.123908
0.0775339	0.0125448	0.0221626	0.0648639
0.153153	0.038614	0.0223208	0.0906455
0.129566	0.0119383	0.0204743	0.130154
0.0542939	0.0225608	0.00435884	0.1646
0.100763	0.0205534	0.0119144	0.109372
0.0595551	0.0222446	0.0241571	0.107992
0.0426682	0.0224591	0.000794595	0.122512
0.0500415	0.035411	0.00541995	0.092851
0.0928094	0.0213817	0.00996278	0.116786
0.0829119	0.0257561	0.00422812	0.0677342
0.0714943	0.0434339	0.0273591	0.137185
0.136419	0.0408789	0.014414	0.0842915
0.0636531	0.025034	0.0156072	0.109012
0.176631	0.0404621	0.0152895	0.109662
1.53962	0.131028	2.02937	0.120275
1.55404	0.169137	1.81427	0.0663054
1.3672	0.202298	1.87605	0.0759385
1.36311	0.168406	2.0624	0.078651
1.34778	0.186702	1.99009	0.0888226
1.50562	0.222633	1.8767	0.0846603
1.47804	0.211921	1.96252	0.0932036
1.62705	0.194214	2.14297	0.105357
1.36637	0.217644	2.07524	0.0901365
1.43151	0.178065	2.00597	0.106858
1.45646	0.184279	1.82484	0.10865
1.30181	0.204577	2.02711	0.0994752
1.49846	0.200047	2.01783	0.0764146
1.44395	0.190478	1.95493	0.149799
1.41834	0.182023	2.05463	0.0853318
0.0370588	0.0591355	0.00595099	0.0752698
0.0641463	0.0420291	0.00935967	0.0951539
0.0854712	0.0246194	0.00623703	0.130276
0.0249292	0.0257055	0.0118183	0.0901094
0.0454826	0.0284407	0.0149365	0.0769118
0.0481492	0.0307011	0.0171816	0.0836703
0.0779808	0.0503629	0.00956552	0.0780645
0.0903396	0.0203722	0.0136194	0.0858092
0.229143	0.018178	0.0165106	0.131616
0.0540722	0.0180809	0.00665828	0.124709
0.0638089	0.0342164	0.0260414	0.0875832
0.034588	0.040668	0.009251	0.0742233
0.0216468	0.0241569	0.00269896	0.114945
0.0555339	0.0223014	0.00274545	0.0838624
0.0802051	0.0206874	0.00159689	0.0990505
0.095247	0.0350487	0.00368462	0.0962565
0.0379184	0.0293874	0.0137641	0.0595756
0.0336917	0.0309152	0.014475	0.0841283
0.016127	0.0354132	0.00799548	0.120315
0.0702579	0.0185367	0.0181534	0.0835316
0.0886425	0.0506965	0.0225742	0.114124
0.0253517	0.05369	0.0207759	0.109606
0.0546107	0.0156793	0.00532661	0.0947573
0.0429881	0.0541719	0.00220663	0.0986137
0.169881	0.0292681	0.0399339	0.0996422
0.0735577	0.0143446	0.00423795	0.1415
0.062935	0.0302098	0.0161413	0.107932
0.0680876	0.0229384	0.00675157	0.0658808
0.115377	0.0418341	0.0218699	0.108594
0.0304301	0.0210634	0.00951287	0.105911
0.035289	0.0487867	0.00286522	0.101545
0.0426855	0.0168199	0.0120329	0.0917837
0.0882861	0.0207536	0.00595974	0.113513
0.160028	0.0126074	0.00110682	0.106925
0.0809098	0.0265321	0.00219053	0.118704
0.0608277	0.0189844	0.0165587	0.119668
0.0540113	0.0304251	0.00522508	0.0962681
0.0486304	0.013461	0.00514791	0.0878841
0.100508	0.03518	0.00476779	0.100699
0.0930976	0.0208905	0.0087088	0.0960968
0.161557	0.0365917	0.0110201	0.132366
0.17777	0.016782	0.00213404	0.17264
0.0287196	0.0309564	0.00129066	0.0641328
0.0857982	0.0296748	0.017977	0.083738
0.0931817	0.0352195	0.0120507	0.0646666
0.0523843	0.0164713	0.0232369	0.090473
0.0218384	0.0163585	0.00171799	0.0956732
0.0471147	0.0359375	0.00357079	0.107279
0.0666223	0.0226391	0.016571	0.0958992
0.0560553	0.0179204	0.00135821	0.0913983
0.0815208	0.0788038	0.0364997	0.127564
0.0426905	0.0255084	0.00850176	0.130063
0.0843968	0.0241641	0.00910164	0.0691818
0.0965109	0.0513295	0.0328013	0.114391
0.04241	0.0250214	0.00338554	0.11497
0.0777479	0.036394	0.0189069	0.0966995
0.056412	0.0235138	0.0204039	0.110942
0.0860692	0.0300711	0.0199273	0.0812108
0.0356691	0.0242119	0.00981837	0.0881375
0.0625572	0.019066	0.0125251	0.111967
0.0711672	0.0155443	0.00838634	0.130772
0.0321583	0.0134389	0.00769143	0.0711048
0.0619641	0.0309595	0.0130284	0.0852545
0.0200583	0.0443227	0.00592567	0.0889557
0.0395175	0.0250548	0.00507962	0.107683
0.10185	0.0251761	0.00994355	0.110857
0.0455504	0.00887651	0.00498099	0.0950018
0.059024	0.0360043	0.00248221	0.0903047
0.0553136	0.0253544	0.00299256	0.103489
0.095935	0.0281944	0.0251268	0.0817085
0.0294953	0.0287152	0.00111669	0.0613413
0.0847045	0.0200778	0.0158665	0.140984
0.0383447	0.0172046	0.00286813	0.151331
0.0684809	0.0181793	0.0115834	0.0973389
0.0932932	0.02187	0.014597	0.0616529
0.0340994	0.0123566	0.000578363	0.0821513
0.0620359	0.0133764	0.0122839	0.0914421
0.0279347	0.0104577	0.0054276	0.0922304
0.121895	0.0363665	0.00532317	0.0857187
0.120143	0.0199513	0.0274457	0.0647828
0.030257	0.0600914	0.0103157	0.0964329
0.0882255	0.0228377	0.00677639	0.098734
0.0618922	0.0230576	0.00360232	0.0963496
0.0420184	0.0355014	0.00864406	0.10556
0.0990292	0.0702054	0.0163403	0.078357
0.0841185	0.0221916	0.00941868	0.0825677
0.0640163	0.0321051	0.0179641	0.094552
0.0997441	0.0594787	0.00906174	0.0956717
0.0824763	0.0162874	0.0184557	0.133871
0.117551	0.0195086	0.0332054	0.114621
0.117589	0.0401694	0.0122662	0.115007
0.0262179	0.0165816	0.0146847	0.0846594
0.0729592	0.039972	0.0090167	0.10026
0.169301	0.0312084	0.0172501	0.151824
0.0532358	0.0399465	0.00147232	0.104625
0.0318949	0.0306576	0.0150113	0.0496315
0.0214904	0.0154117	0.00312864	0.0940819
0.0340439	0.0271703	0.00725296	0.0903319
0.0527182	0.0301769	0.00220536	0.0743556
0.0532068	0.00947385	0.00620601	0.0801323
0.0207795	0.0225383	0.00306642	0.0690828
0.0393096	0.0237817	0.00602642	0.0953973
0.0340975	0.040273	0.00476231	0.0832329
0.104649	0.0321803	0.00277416	0.100564
0.0311267	0.0257617	0.00284853	0.103762
0.0350038	0.0345603	0.00129289	0.129067
0.0432105	0.038599	0.00114132	0.0963633
0.0561879	0.0202917	0.0162042	0.0929469
0.074149	0.01669	0.00296759	0.0894313
0.0299455	0.0204704	0.0123968	0.129864
0.0234137	0.0268093	0.00141885	0.0950834
0.0359897	0.0108569	0.000631424	0.111573
0.0215864	0.0188291	0.0012481	0.103794
0.0214263	0.0158097	0.00475342	0.141784
0.0368752	0.0258818	0.00100282	0.0955118
0.0359005	0.0214916	0.00221569	0.0948269
0.0586442	0.014146	0.00926677	0.123371
0.0177219	0.0122526	0.00415968	0.0778598
0.0603878	0.0246095	0.00216891	0.143946
0.0409183	0.0124455	0.00154858	0.136727
0.102367	0.031952	0.0150564	0.112714
0.0575965	0.02809	0.0187794	0.112618
0.0284915	0.0155026	0.00369413	0.0905953
0.0228235	0.00884218	0.0242524	0.0929529
0.0496264	0.0317739	0.000575123	0.0994164
0.0214449	0.0224686	0.00171987	0.0708445
0.0693694	0.0266444	0.0124233	0.101723
0.051406	0.0457268	0.00391026	0.0945084
0.0542488	0.0150459	0.00159188	0.122803
0.0413625	0.0324152	0.00643299	0.0963354
0.0253782	0.0223416	0.00874443	0.121314
0.0363243	0.0125967	0.00254123	0.0995922
0.0175005	0.0170832	0.00209565	0.109057
0.0177891	0.0222783	0.00341042	0.113566
0.0248543	0.0176926	0.00931456	0.138941
0.0637729	0.0287562	0.00121213	0.0790679
0.0315382	0.0345963	0.0174992	0.122523
0.0526316	0.021324	0.00193869	0.0983372
0.0286942	0.0275534	0.00414321	0.122412
0.0411148	0.0319264	0.00103156	0.0971424
0.0506141	0.021844	0.0112457	0.0852505
0.0663987	0.0296272	0.00222177	0.0666628
0.0362713	0.0291715	0.0191818	0.0690002
0.0455381	0.0380075	0.00150818	0.0954475
0.0417221	0.0124351	0.00246851	0.15669
0.0726221	0.0244661	0.000952194	0.117459
0.031869	0.022456	0.00151528	0.131164
0.0431788	0.0358258	0.0116623	0.108511
0.0400494	0.0371625	0.0078683	0.0816888
0.0492639	0.0293039	0.000595681	0.106535
0.0569591	0.021193	0.00259294	0.102236
0.0323929	0.0230299	0.00268114	0.0534364
0.0213479	0.0183007	0.000589258	0.118191
0.0266844	0.0278193	0.00432654	0.0905978
0.0278711	0.0246291	0.000271759	0.125817
0.0799549	0.0102183	0.000419125	0.113258
0.0182861	0.0234797	0.00949081	0.105501
0.0337677	0.0277688	0.00589645	0.067257
0.0365786	0.0156469	0.0183828	0.0994806
0.0404512	0.0274328	0.00485752	0.119546
0.0531038	0.0224668	0.0020106	0.0915887
0.0266406	0.023493	0.0107079	0.101697
0.0456014	0.0218531	0.00850086	0.0705417
0.0146182	0.0136	0.000414887	0.140668
0.0580909	0.0236012	0.00517915	0.0856309
0.0134701	0.0138628	0.0111979	0.12502
0.054491	0.0310155	2.31943e-05	0.0984967
0.0532885	0.0383378	0.00750494	0.118314
0.0502062	0.0179262	0.000227764	0.107495
0.0223928	0.0337953	0.00656749	0.125628
0.0660744	0.0168748	0.00181493	0.110504
0.0248962	0.0263721	0.0258067	0.0991868
0.0205657	0.0290518	0.000310775	0.0792067
0.0373019	0.0232125	0.000158938	0.0987664
0.0282284	0.0236356	0.00255485	0.0933777
0.0464312	0.029904	0.00086709	0.0860374
0.0302649	0.013665	0.00830649	0.077666
0.040252	0.0223056	0.00450956	0.128061
0.0327276	0.0461415	0.00293013	0.097136
0.0396265	0.0289447	0.000604968	0.123516
0.0375301	0.0184519	0.00699062	0.0870262
0.0425734	0.0119285	0.0107866	0.130304
0.0427136	0.0269107	0.000786905	0.0871932
0.035519	0.0347373	0.0022726	0.0643425
0.0287537	0.00877187	0.0049061	0.127664
0.0308873	0.0191489	0.00630384	0.114879
0.0355878	0.0520291	5.17633e-05	0.0923094
0.0394715	0.0129904	0.0109256	0.0763004
0.0391992	0.0440433	0.00602304	0.0502209
0.025965	0.0221979	0.0167759	0.114619
0.0283913	0.0326494	0.00383864	0.143117
0.0345535	0.0167929	0.00762906	0.0891949
0.0343956	0.0330721	0.00525832	0.100815
0.0555619	0.0245865	0.00146058	0.0832649
0.0296151	0.0237393	0.000350042	0.0653005
0.0409401	0.00865761	0.00156895	0.145842
0.0124347	0.0422456	0.00388527	0.0952931
0.0476227	0.0364633	0.0103692	0.117781
0.0443052	0.0328248	0.00361321	0.0771077
0.00746109	0.0115782	6.49549e-05	0.098374
0.0198467	0.0263439	0.00178501	0.124878
0.0388685	0.0377244	0.0041918	0.0885263
0.0311188	0.0156389	0.00362997	0.122047
0.0409098	0.0185908	0.00550745	0.101855
0.0276861	0.0217354	0.00090757	0.0904274
0.0769946	0.027154	0.0167289	0.0883111
0.0487471	0.0159556	0.0124271	0.136894
0.0665085	0.0170911	0.00358682	0.0788232
0.0343786	0.0295658	0.00808113	0.076003
0.063904	0.0200866	0.0132746	0.112369
0.037009	0.0198203	0.00179933	0.0829173
0.0550635	0.0204688	0.0015544	0.106089
0.0207559	0.0115595	0.00104037	0.0988531
0.032603	0.0169206	0.0014888	0.0640336
0.0422601	0.0636551	0.00198511	0.113821
0.0428023	0.0300584	0.00505727	0.103188
0.0167757	0.0220734	0.0119697	0.138272
0.0161029	0.0332033	0.00199444	0.0680403
0.0340519	0.0255501	0.0112228	0.121838
0.0360932	0.0147386	0.0109644	0.133704
0.0355015	0.0276737	0.0219116	0.10937
0.0273843	0.0132247	0.0231128	0.0968231
0.026384	0.0173099	0.00108632	0.106933
0.0316364	0.0174502	0.00533492	0.131345
0.0421054	0.0185738	0.00422956	0.122091
0.0258668	0.0140379	0.000280926	0.0933678
0.0387133	0.0134366	0.00879735	0.0841392
0.0237343	0.0572886	0.000611123	0.081183
0.0293631	0.0241542	0.00750431	0.0757007
0.0332928	0.0420339	0.000733679	0.105265
0.0406218	0.0298041	0.0132647	0.132646
0.0201763	0.0289057	0.0102301	0.0907603
0.0460547	0.0329768	0.00022919	0.109664
0.0558579	0.0196728	0.000327489	0.103295
0.0178782	0.0216266	0.0101218	0.121043
0.0400758	0.0167058	0.000225457	0.117411
0.0576231	0.0124134	0.0040656	0.0533698
0.0384868	0.0446706	0.0114301	0.130705
0.0358029	0.0139483	0.0137051	0.0841877
0.0188939	0.0135723	0.0133901	0.134953
0.0337757	0.0262734	0.0227088	0.0985713
0.0440456	0.0172592	0.010888	0.136972
0.0219873	0.026352	0.00428063	0.0792155
0.0388867	0.0205304	0.000248954	0.107159
0.0424594	0.0156029	0.0208505	0.126038
0.0413981	0.0282446	0.00415675	0.091085
0.0396022	0.0269866	0.00151558	0.0511181
0.0224845	0.0171035	0.0253041	0.120441
0.0312329	0.0641934	0.0123326	0.0888201
0.0406723	0.0145671	0.00577415	0.0880832
0.0290319	0.0220816	0.00171875	0.0745284
0.0298791	0.0318269	0.00501634	0.0614154
0.034694	0.0193043	0.000606781	0.0857156
0.0274117	0.015931	0.00613516	0.0785942
0.0567096	0.0440319	0.00234673	0.103571
0.0200593	0.0266568	0.00441672	0.0944084
0.0549922	0.0404116	0.00195119	0.0788269
0.0336434	0.017607	0.00586162	0.0681036
0.0239805	0.0188279	0.015611	0.0856699
0.0565929	0.0402789	0.00332731	0.159239
0.0295749	0.0124037	0.00418792	0.0825417
0.0267843	0.0265801	0.0060644	0.104541
0.0231068	0.0433672	0.0066477	0.0693046
0.0201789	0.0181164	0.00511912	0.108628
0.0482142	0.0328418	0.00252205	0.0724101
0.0585667	0.0304642	0.00323632	0.139428
0.045961	0.0274473	0.00477754	0.127137
0.0702253	0.0152466	0.0107414	0.10173
0.0376444	0.0144556	0.000900377	0.106083
0.0348281	0.0307858	0.0158059	0.0997312
0.0348084	0.0355026	0.000666693	0.109221
0.0344129	0.0199572	0.000444399	0.0734634
0.0267258	0.0262443	0.00837422	0.0706657
0.0312346	0.00797656	0.00457622	0.11165
0.049748	0.0511621	0.00436594	0.072105
0.0535487	0.0224377	0.0103736	0.0847674
0.0243493	0.00631696	6.11271e-05	0.0932286
0.0191553	0.0145212	0.00457927	0.0965094
0.0439392	0.0227542	0.00525695	0.0930239
0.0537103	0.0110865	0.00840661	0.126356
0.0314457	0.0259995	0.0111229	0.138373
0.0323186	0.021611	0.00678688	0.0653012
0.0217327	0.0361966	0.00347424	0.114266
0.041509	0.0399835	0.00956686	0.112839
0.0258999	0.0257412	0.0167455	0.0825378
0.0629749	0.0164153	0.00164708	0.0956063
0.0284113	0.0195379	0.0133926	0.074784
0.0369078	0.0183277	0.00255895	0.140305
0.0316226	0.0321843	0.00165384	0.0906008
0.0381063	0.0193965	0.00924135	0.0860533
0.0357683	0.0242878	0.00785287	0.0870374
0.0403478	0.0175061	0.00469601	0.100012
0.02901	0.0104807	0.00493975	0.100357
0.0345705	0.0135928	0.0215807	0.066665
0.0301574	0.0254302	0.0146338	0.104616
0.034238	0.0232054	0.00822309	0.0747174
0.0528419	0.0197949	0.00299641	0.110499
0.0428796	0.0231746	0.00519477	0.14192
0.0394484	0.0273443	0.0120125	0.117894
0.0363034	0.0207243	0.00230932	0.0782319
0.0174603	0.0251832	0.0020017	0.0914304
0.0326235	0.0316107	0.00853007	0.0682806
0.0361093	0.0191748	0.00618879	0.0979079
0.0241609	0.00874201	1.45334e-05	0.0957845
0.0311672	0.0367725	0.00500394	0.0782323
0.0243841	0.0200308	0.0109118	0.0923596
0.028374	0.0242372	0.0116607	0.103403
0.032606	0.0369529	0.00388669	0.0909726
0.0451156	0.0390165	0.00580289	0.0928134
0.0302582	0.0279993	0.00422446	0.124666
0.0745659	0.0259978	0.00185997	0.0561195
0.0940992	0.0264203	0.0149847	0.124648
0.0486505	0.0343519	0.00631838	0.0758834
0.0291711	0.0221612	0.0118865	0.0688942
0.0594951	0.0097944	0.00156703	0.120815
0.0491013	0.0162943	0.00266664	0.100998
0.0364645	0.00963422	0.00135311	0.0934418
0.0195952	0.0365419	0.00709151	0.0879037
0.0360233	0.0289017	0.00491636	0.0813702
0.0254	0.020329	0.000552292	0.0792537
0.054081	0.0452251	0.0067916	0.119784
0.0394259	0.0532881	0.00107619	0.105293
0.0380552	0.0181943	0.00711004	0.0964758
0.046	0.0205881	0.00913873	0.0723419
0.0304166	0.0282131	0.00128503	0.0917578
0.0190771	0.00959571	0.006218	0.108846
0.0335886	0.0178029	0.00245713	0.0913305
0.0620205	0.0257394	0.00782741	0.0976301
0.0363205	0.0355969	0.00130427	0.0677627
0.0308735	0.0166813	7.42971e-05	0.115399
0.0388744	0.0256797	0.000209311	0.0931409
0.0450179	0.0153192	0.00150947	0.10621
0.0522873	0.0126557	0.0115701	0.0924752
0.0305106	0.0205934	0.000945344	0.121921
0.0356844	0.00707344	0.00316838	0.100377
0.0445377	0.0209199	0.000690651	0.0909866
0.0394924	0.0116179	2.79727e-05	0.100418
0.0397505	0.0452504	0.00109433	0.088007
0.0279951	0.0548892	0.00235788	0.106841
0.0440117	0.0212804	0.00343475	0.124472
0.0486203	0.0104023	0.00056656	0.119865
0.0438461	0.0183067	0.0236923	0.117367
0.0267593	0.0177809	0.00161682	0.126813
0.0214233	0.0204677	0.000283419	0.105318
0.062745	0.0260014	0.00473889	0.0736447
0.0294925	0.0291859	0.0106015	0.0882543
0.0682304	0.0475252	0.00162446	0.117752
0.02203	0.0375971	0.00803474	0.074064
0.0281676	0.0419392	0.00285575	0.11558
0.0342761	0.0448999	0.0120955	0.0833726
0.026811	0.0245493	0.0223461	0.132451
0.0298876	0.0435537	0.00889617	0.114935
0.0240043	0.0129035	0.00758493	0.101337
0.0483665	0.0244658	0.000122006	0.10061
0.0439895	0.0268046	0.000811464	0.11863
0.0301111	0.0375005	0.0028534	0.136595
0.051767	0.0141764	0.0208895	0.129794
0.0441724	0.017044	0.000791992	0.12945
0.0360004	0.0266551	0.0167856	0.0803174
0.0350302	0.0300328	0.00457445	0.102081
0.0120628	0.0182448	0.000267325	0.0874061
0.0261754	0.0245193	0.00853989	0.135035
0.0331238	0.0157091	2.30898e-05	0.0869988
0.0408009	0.0282338	0.000282107	0.0858556
0.0380303	0.0252288	0.00818623	0.122821
0.0371985	0.028236	0.00418959	0.108912
0.0414893	0.0659718	0.00483359	0.115797
0.0171019	0.0183906	0.00313588	0.082305
0.0301045	0.0346099	0.00403016	0.100909
0.0180887	0.0293771	0.00998111	0.0619817
0.0185073	0.00838359	0.00113522	0.107435
0.0217787	0.0219379	0.0106185	0.0783843
0.0822739	0.0328817	0.00291308	0.136171
0.0178824	0.0134827	0.0251976	0.133525
0.031801	0.0191117	0.00363381	0.119147
0.0282215	0.0313204	0.0026475	0.114113
0.0339214	0.0123496	0.00365185	0.0814377
0.0207217	0.0524988	0.0102922	0.11483
0.0438877	0.0221868	0.00135484	0.078405
0.0309778	0.0303209	0.00942391	0.0869842
0.0534694	0.0105887	4.40606e-05	0.095283
0.0298958	0.0421734	3.36928e-05	0.068039
0.0272391	0.0222744	0.00427169	0.109231
0.0381642	0.0479724	0.0159261	0.080435
0.0300357	0.0175438	0.00588298	0.105083
0.0362485	0.0367724	0.00985138	0.124964
0.0344234	0.016198	0.00259806	0.081194
0.0385977	0.0249613	0.00137636	0.154148
0.0342112	0.0391406	0.00181632	0.0825712
0.0233978	0.0409221	0.00330485	0.123
0.0440373	0.0311135	0.0177693	0.106833
0.0332208	0.0578459	0.000128281	0.119382
0.0210547	0.027786	0.00213611	0.112818
0.0239275	0.0524495	0.0124893	0.120469
0.0398849	0.0109542	0.00224885	0.116981
0.0340717	0.017211	0.00383647	0.116767
0.0339969	0.0154888	0.00122413	0.101432
0.0229184	0.0324331	0.00678627	0.0820826
0.0312445	0.0293988	0.000502714	0.069257
0.0246174	0.0273236	0.00464618	0.0730394
0.0211994	0.0210024	0.000818276	0.0900496
0.0473002	0.0431388	0.0119191	0.111897
0.0333558	0.0287463	0.00582839	0.108453
0.0721185	0.00935964	0.00293549	0.0892869
0.0277413	0.0265431	0.00490732	0.123589
0.0437704	0.0180635	0.00345079	0.101567
0.0400198	0.0289045	0.00162773	0.115247
0.0412635	0.0257921	0.00241417	0.111175
0.0392183	0.013219	0.00310083	0.112773
0.0366371	0.0146203	0.00233052	0.0940235
0.0294576	0.0196018	0.00181476	0.101485
0.0364868	0.0161375	0.0140571	0.106973
0.0446718	0.0222054	0.00428233	0.0988025
0.0257708	0.0380627	0.00540846	0.0666721
0.0650996	0.0302592	0.00433493	0.0815548
0.0418046	0.0112341	0.0144427	0.0961309
0.0323503	0.0210609	0.00231191	0.0698784
0.0409421	0.029017	0.00117755	0.0833848
0.0278506	0.021634	0.00321131	0.0930081
0.0189176	0.0240781	0.00154703	0.0822585
0.0333882	0.00901268	0.0184417	0.074436
0.0455023	0.0254002	0.00723825	0.0996344
0.034504	0.0168112	0.0271735	0.10718
0.0476459	0.0313104	0.00467843	0.10977
0.0484102	0.00638869	0.0207952	0.0761835
0.0458698	0.0222542	0.0291481	0.120412
0.0398586	0.0142798	0.0073503	0.103017
0.045174	0.0323441	0.00088321	0.126453
0.0285119	0.00910405	0.00196553	0.0700259
0.0257588	0.0266697	0.00757761	0.107218
0.0442265	0.022119	0.00505993	0.0875331
0.0390923	0.0303498	0.00401237	0.106984
0.0274944	0.0170739	0.0114137	0.064825
0.0432196	0.0154427	0.0147167	0.125079
0.0216905	0.0141643	0.00270595	0.0782303
0.0395453	0.0329312	0.00127253	0.0716931
0.0588198	0.0268523	0.00191055	0.0690803
0.0258631	0.0526717	0.000255593	0.129629
0.0363514	0.0126667	0.00847079	0.104538
0.0504819	0.0248581	0.0188395	0.113592
0.0258862	0.0209263	0.00302368	0.0945934
0.0491497	0.0315505	0.00791321	0.0924394
0.040549	0.0230172	0.00111455	0.0732223
0.0327405	0.0432953	0.00639905	0.119527
0.0515986	0.039365	0.00139314	0.145008
0.052937	0.024676	0.0199106	0.108748
0.0526437	0.027098	0.00144178	0.111908
0.0243927	0.0132609	0.0133931	0.109478
0.0282714	0.0124051	0.00593737	0.0729073
0.0372899	0.0321354	0.0190142	0.0918693
0.0252449	0.00873846	0.0011128	0.107174
0.0237596	0.00960227	0.0139312	0.0756607
0.047866	0.027369	0.0170921	0.100509
0.0274335	0.0294279	0.00881021	0.0750431
0.0226783	0.0296834	0.0131632	0.0921428
0.0324256	0.0160086	0.00128225	0.123143
0.0325258	0.0256226	0.00669615	0.144871
0.0351345	0.0287252	0.00129981	0.0676563
0.046101	0.0229941	0.0155781	0.113914
0.0565296	0.0295205	0.00294098	0.0773137
0.0344944	0.031312	0.00400225	0.0866105
0.023884	0.0390673	0.0018414	0.0980096
0.0411864	0.0184562	0.00148738	0.0771941
0.0233823	0.0550408	0.000960311	0.104635
