t = 0.000000	N = 8
0.000000	0.125000	0.125000	0
0.000000	0.125000	0.125000	1
t = 0.100000	N = 8
557846.315270	0.009946	557846.325216	0
610009.771819	0.013887	610009.785706	1
t = 0.200000	N = 8
464758.477297	0.010994	464758.488291	0
759020.835528	0.020839	759020.856367	1
t = 0.300000	N = 8
423733.960292	0.010977	423733.971269	0
159044.663807	0.006246	159044.670053	1
t = 0.400000	N = 8
418928.879803	0.005361	418928.885164	0
151467.704743	0.009682	151467.714425	1
t = 0.500000	N = 8
391983.438262	0.018868	391983.457130	0
564055.701190	0.010933	564055.712123	1
t = 0.600000	N = 8
294241.075686	0.008261	294241.083946	0
573253.395393	0.009878	573253.405271	1
t = 0.700000	N = 8
278565.354220	0.002396	278565.356616	0
132167.911905	0.006833	132167.918738	1
t = 0.800000	N = 8
295886.285623	0.025716	295886.311338	0
245281.585435	0.030963	245281.616398	1
t = 0.900000	N = 8
158907.907336	0.018430	158907.925765	0
100770.834611	0.019351	100770.853962	1
t = 1.000000	N = 8
748626.265420	0.012467	748626.277887	0
452377.673309	0.014011	452377.687321	1
t = 1.100000	N = 8
554438.684766	0.018356	554438.703121	0
327826.958592	0.021461	327826.980053	1
t = 1.200000	N = 8
481836.623902	0.015384	481836.639285	0
601685.469702	0.017106	601685.486808	1
t = 1.300000	N = 8
365293.497064	0.010135	365293.507199	0
876039.867285	0.008409	876039.875694	1
t = 1.400000	N = 8
357536.689064	0.011401	357536.700465	0
798075.680347	0.022885	798075.703232	1
t = 1.500000	N = 8
195010.778020	0.012003	195010.790023	0
280770.714766	0.012875	280770.727640	1
t = 1.600000	N = 8
378651.561731	0.009415	378651.571146	0
158023.463814	0.016405	158023.480219	1
t = 1.700000	N = 8
332490.472013	0.015052	332490.487065	0
368573.309409	0.022459	368573.331867	1
t = 1.800000	N = 8
352539.329360	0.011220	352539.340580	0
460254.047791	0.024504	460254.072294	1
t = 1.900000	N = 8
528717.277785	0.024309	528717.302094	0
624113.831763	0.021238	624113.853001	1
t = 2.000000	N = 8
424432.998456	0.012186	424433.010642	0
709829.359146	0.003058	709829.362205	1
t = 2.100000	N = 8
924020.887435	0.003849	924020.891285	0
439464.618442	0.019385	439464.637826	1
t = 2.200000	N = 8
574847.660178	0.016557	574847.676735	0
568627.808804	0.009784	568627.818588	1
t = 2.300000	N = 8
415463.839314	0.146920	415463.986234	0
367988.187533	0.081427	367988.268960	1
t = 2.400000	N = 8
409733.723465	0.010077	409733.733542	0
317719.400658	0.013706	317719.414363	1
t = 2.500000	N = 8
502386.111033	0.007058	502386.118092	0
595121.172226	0.007857	595121.180083	1
t = 2.600000	N = 8
411037.274296	0.016329	411037.290625	0
579097.631131	0.011364	579097.642495	1
t = 2.700000	N = 8
476052.450424	0.020237	476052.470661	0
329640.421773	0.007874	329640.429647	1
t = 2.800000	N = 8
223208.685594	0.067629	223208.753223	0
714572.644284	0.023609	714572.667893	1
t = 2.900000	N = 8
304886.563073	0.021273	304886.584346	0
965739.377564	0.020446	965739.398010	1
t = 3.000000	N = 8
712123.546456	0.021063	712123.567519	0
342685.095463	0.006350	342685.101813	1
t = 3.100000	N = 8
313581.797197	0.006818	313581.804015	0
623969.701892	0.011160	623969.713052	1
t = 3.200000	N = 8
354005.979758	0.024712	354006.004470	0
294327.025273	0.007892	294327.033165	1
t = 3.300000	N = 8
281021.578370	0.008762	281021.587133	0
738223.016718	0.009876	738223.026593	1
t = 3.400000	N = 8
248004.722954	0.016559	248004.739513	0
349872.706817	0.012532	349872.719349	1
t = 3.500000	N = 8
353006.100299	0.006871	353006.107170	0
501999.788271	0.008106	501999.796377	1
t = 3.600000	N = 8
402257.118842	0.027765	402257.146607	0
574811.264406	0.006179	574811.270585	1
t = 3.700000	N = 8
554553.536975	0.024645	554553.561620	0
499072.141640	0.016200	499072.157840	1
t = 3.800000	N = 8
249725.628314	0.002368	249725.630683	0
269701.291146	0.014261	269701.305407	1
t = 3.900000	N = 8
688942.162788	0.007194	688942.169982	0
860582.495066	0.006541	860582.501607	1
t = 4.000000	N = 8
382095.583997	0.012017	382095.596014	0
284386.498562	0.000800	284386.499362	1
t = 4.100000	N = 8
378590.855867	0.011737	378590.867604	0
619448.726341	0.008753	619448.735094	1
t = 4.200000	N = 8
557744.991562	0.020231	557745.011793	0
442279.425696	0.012543	442279.438238	1
t = 4.300000	N = 8
317155.613171	0.009711	317155.622882	0
269625.963195	0.013557	269625.976752	1
t = 4.400000	N = 8
497882.141287	0.005380	497882.146667	0
541665.439949	0.012466	541665.452415	1
t = 4.500000	N = 8
351121.739926	0.022929	351121.762854	0
276823.201545	0.010203	276823.211748	1
t = 4.600000	N = 8
257109.413945	0.004220	257109.418166	0
431264.407426	0.014504	431264.421931	1
t = 4.700000	N = 8
440679.365678	0.002954	440679.368632	0
271478.104862	0.012710	271478.117572	1
t = 4.800000	N = 8
15703645.269093	0.087023	15703645.356116	0
13446165.112399	0.022412	13446165.134811	1
t = 4.900000	N = 8
109261.336772	0.012531	109261.349303	0
255188.394443	0.005773	255188.400216	1
t = 5.000000	N = 8
503934.063168	0.013501	503934.076669	0
670881.311356	0.020745	670881.332100	1
t = 5.100000	N = 8
285056.493921	0.009265	285056.503186	0
239689.299387	0.015665	239689.315051	1
t = 5.200000	N = 8
887608.374310	0.006078	887608.380388	0
515216.532221	0.022421	515216.554642	1
t = 5.300000	N = 8
131928.048454	0.011759	131928.060212	0
679948.693293	0.042933	679948.736226	1
t = 5.400000	N = 8
716042.384000	0.013101	716042.397101	0
355853.611206	0.010615	355853.621821	1
t = 5.500000	N = 8
744255.255217	0.015782	744255.270999	0
647046.811891	0.003693	647046.815584	1
t = 5.600000	N = 8
274557.358990	0.024944	274557.383935	0
195849.363062	0.023899	195849.386961	1
t = 5.700000	N = 8
178133.458530	0.018224	178133.476753	0
649541.886006	0.014075	649541.900081	1
t = 5.800000	N = 8
877409.978022	0.015631	877409.993653	0
488992.177858	0.013408	488992.191266	1
t = 5.900000	N = 8
313402.398042	0.011163	313402.409205	0
1014908.439031	0.019584	1014908.458615	1
t = 6.000000	N = 8
208472.774443	0.009848	208472.784291	0
815815.947934	0.019575	815815.967509	1
t = 6.100000	N = 8
344277.049984	0.026899	344277.076883	0
463553.180415	0.011599	463553.192014	1
t = 6.200000	N = 8
373664.231011	0.022907	373664.253918	0
389995.890748	0.005323	389995.896070	1
t = 6.300000	N = 8
596043.244722	0.017303	596043.262025	0
296684.520351	0.015178	296684.535528	1
t = 6.400000	N = 8
416411.500895	0.005065	416411.505961	0
475879.882869	0.023016	475879.905885	1
t = 6.500000	N = 8
527301.014130	0.024613	527301.038744	0
517348.881276	0.001547	517348.882823	1
t = 6.600000	N = 8
566630.249383	0.011119	566630.260503	0
434366.982580	0.002463	434366.985044	1
t = 6.700000	N = 8
317331.532455	0.015377	317331.547832	0
705058.763745	0.015276	705058.779021	1
t = 6.800000	N = 8
539520.954499	0.014454	539520.968953	0
249965.985927	0.016392	249966.002319	1
t = 6.900000	N = 8
602429.323771	0.009593	602429.333364	0
934975.069953	0.007103	934975.077056	1
t = 7.000000	N = 8
423549.842003	0.019114	423549.861117	0
438212.598663	0.028977	438212.627640	1
t = 7.100000	N = 8
408516.466576	0.031971	408516.498546	0
445110.754947	0.009370	445110.764317	1
t = 7.200000	N = 8
655743.463607	0.009682	655743.473290	0
571387.123960	0.007573	571387.131533	1
t = 7.300000	N = 8
5212371.127747	0.049853	5212371.177599	0
5930185.095230	0.016865	5930185.112095	1
t = 7.400000	N = 8
484956.034147	0.026432	484956.060578	0
203773.729350	0.021280	203773.750630	1
t = 7.500000	N = 8
231157.335937	0.014684	231157.350621	0
913750.624425	0.029502	913750.653927	1
t = 7.600000	N = 8
246950.029641	0.017975	246950.047615	0
253465.964992	0.014922	253465.979914	1
t = 7.700000	N = 8
194007.916629	0.011619	194007.928248	0
438836.393835	0.022765	438836.416600	1
t = 7.800000	N = 8
432507.438086	0.014283	432507.452369	0
463251.527828	0.017928	463251.545756	1
t = 7.900000	N = 8
342013.777804	0.010034	342013.787838	0
837543.864236	0.003026	837543.867262	1
t = 8.000000	N = 8
587971.414739	0.023994	587971.438733	0
336532.627823	0.013186	336532.641009	1
t = 8.100000	N = 8
93645.652906	0.032627	93645.685533	0
637867.675380	0.016972	637867.692353	1
t = 8.200000	N = 8
407663.970955	0.029336	407664.000291	0
518360.421606	0.020613	518360.442219	1
t = 8.300000	N = 8
474587.674078	0.005230	474587.679308	0
464860.915989	0.016198	464860.932187	1
t = 8.400000	N = 8
303133.255834	0.013834	303133.269667	0
252598.613854	0.012429	252598.626283	1
t = 8.500000	N = 8
438247.296990	0.007179	438247.304169	0
534327.989934	0.010325	534328.000259	1
t = 8.600000	N = 8
255786.134419	0.010236	255786.144655	0
510339.102531	0.012251	510339.114782	1
t = 8.700000	N = 8
331431.471567	0.039668	331431.511235	0
797500.761853	0.017525	797500.779378	1
t = 8.800000	N = 8
337285.615656	0.010356	337285.626012	0
352818.500258	0.013414	352818.513673	1
t = 8.900000	N = 8
265900.409238	0.004371	265900.413610	0
501525.998855	0.007757	501526.006612	1
t = 9.000000	N = 8
432825.210779	0.010472	432825.221251	0
403104.148438	0.003269	403104.151707	1
t = 9.100000	N = 8
190755.030856	0.007514	190755.038369	0
254732.987978	0.002261	254732.990239	1
t = 9.200000	N = 8
598987.007264	0.020407	598987.027671	0
352892.877773	0.014162	352892.891935	1
t = 9.300000	N = 8
433301.881918	0.003029	433301.884947	0
585116.036986	0.008103	585116.045089	1
t = 9.400000	N = 8
1222658.451411	0.014962	1222658.466373	0
411519.384545	0.007156	411519.391701	1
t = 9.500000	N = 8
433062.224709	0.007735	433062.232444	0
142398.775188	0.012528	142398.787716	1
t = 9.600000	N = 8
683133.095068	0.012407	683133.107476	0
125952.604930	0.026874	125952.631804	1
t = 9.700000	N = 8
515892.735199	0.008376	515892.743575	0
256115.977313	0.009283	256115.986596	1
t = 9.800000	N = 8
792569.478744	0.001768	792569.480512	0
634504.664417	0.008021	634504.672437	1
t = 9.900000	N = 8
224267.416989	0.018975	224267.435964	0
328319.002756	0.023547	328319.026303	1
t = 10.000000	N = 8
553733.584025	0.012056	553733.596081	0
201038.306161	0.017775	201038.323936	1
t = 10.100000	N = 8
277125.355200	0.012735	277125.367936	0
233737.366178	0.005867	233737.372045	1
t = 10.200000	N = 8
506040.616934	0.008472	506040.625407	0
221937.782575	0.008814	221937.791389	1
t = 10.300000	N = 8
540417.450252	0.009331	540417.459583	0
504899.790536	0.005372	504899.795908	1
t = 10.400000	N = 8
950031.881540	0.014010	950031.895550	0
149506.918908	0.002573	149506.921481	1
t = 10.500000	N = 8
203881.390154	0.047090	203881.437244	0
270636.372915	0.018847	270636.391762	1
t = 10.600000	N = 8
176808.326995	0.017741	176808.344735	0
862315.190806	0.026933	862315.217739	1
t = 10.700000	N = 8
335937.482204	0.023966	335937.506170	0
279914.582208	0.013800	279914.596007	1
t = 10.800000	N = 8
589975.882014	0.011393	589975.893407	0
575425.291048	0.016801	575425.307850	1
t = 10.900000	N = 8
384263.033621	0.017278	384263.050899	0
632605.464371	0.027294	632605.491665	1
t = 11.000000	N = 8
498244.255247	0.013117	498244.268364	0
763850.805291	0.004466	763850.809757	1
t = 11.100000	N = 8
357233.182873	0.022411	357233.205284	0
719779.523256	0.011047	719779.534303	1
t = 11.200000	N = 8
471797.923702	0.037517	471797.961219	0
255823.759936	0.016570	255823.776506	1
t = 11.300000	N = 8
1008309.886127	0.011866	1008309.897993	0
457232.183010	0.024441	457232.207452	1
t = 11.400000	N = 8
110293.475740	0.010233	110293.485973	0
439362.063404	0.007842	439362.071246	1
t = 11.500000	N = 8
152351.406000	0.013079	152351.419080	0
567375.247206	0.013384	567375.260590	1
t = 11.600000	N = 8
930388.775184	0.009713	930388.784897	0
318496.453478	0.008862	318496.462341	1
t = 11.700000	N = 8
635259.845444	0.007980	635259.853423	0
227906.638773	0.017392	227906.656165	1
t = 11.800000	N = 8
265070.268024	0.008820	265070.276844	0
314102.106341	0.008518	314102.114859	1
t = 11.900000	N = 8
390358.684776	0.004387	390358.689164	0
427870.822315	0.006390	427870.828705	1
t = 12.000000	N = 8
844575.691123	0.006167	844575.697290	0
276839.425600	0.012202	276839.437801	1
t = 12.100000	N = 8
532341.088290	0.021613	532341.109903	0
541587.168269	0.005952	541587.174221	1
t = 12.200000	N = 8
310830.725462	0.021871	310830.747334	0
242218.681865	0.002439	242218.684304	1
t = 12.300000	N = 8
531865.013296	0.009651	531865.022948	0
416795.942607	0.017697	416795.960303	1
t = 12.400000	N = 8
254373.885902	0.015866	254373.901768	0
350524.450583	0.002162	350524.452745	1
t = 12.500000	N = 8
610925.403163	0.017377	610925.420540	0
404715.430735	0.028745	404715.459479	1
t = 12.600000	N = 8
510552.178669	0.044990	510552.223659	0
699174.558026	0.008946	699174.566972	1
t = 12.700000	N = 8
641965.807566	0.012219	641965.819784	0
446458.666791	0.014807	446458.681598	1
t = 12.800000	N = 8
726761.562033	0.016765	726761.578799	0
387691.619523	0.010523	387691.630046	1
t = 12.900000	N = 8
365373.692921	0.010640	365373.703561	0
438745.593091	0.016078	438745.609170	1
t = 13.000000	N = 8
192160.385253	0.010039	192160.395292	0
155423.653000	0.015604	155423.668603	1
t = 13.100000	N = 8
330979.571880	0.020084	330979.591964	0
312757.777570	0.020193	312757.797763	1
t = 13.200000	N = 8
595605.915996	0.013375	595605.929370	0
310211.950933	0.011618	310211.962550	1
t = 13.300000	N = 8
636240.271157	0.006085	636240.277242	0
378993.279179	0.016278	378993.295457	1
t = 13.400000	N = 8
901555.064572	0.013878	901555.078450	0
332836.744489	0.021261	332836.765751	1
t = 13.500000	N = 8
486846.484907	0.019457	486846.504364	0
174016.363852	0.015214	174016.379067	1
t = 13.600000	N = 8
841809.329331	0.009444	841809.338774	0
428495.923841	0.029881	428495.953722	1
t = 13.700000	N = 8
582302.999164	0.004468	582303.003632	0
491011.872866	0.005925	491011.878791	1
t = 13.800000	N = 8
184699.385032	0.010174	184699.395206	0
504740.986183	0.012099	504740.998281	1
t = 13.900000	N = 8
509446.765090	0.017569	509446.782659	0
333899.265147	0.010462	333899.275609	1
t = 14.000000	N = 8
594043.630769	0.005951	594043.636720	0
982496.674670	0.021347	982496.696016	1
t = 14.100000	N = 8
636437.449152	0.014822	636437.463974	0
353406.407125	0.011817	353406.418942	1
t = 14.200000	N = 8
473888.320869	0.022585	473888.343455	0
426854.031140	0.011526	426854.042666	1
t = 14.300000	N = 8
455622.424008	0.019525	455622.443533	0
116085.102511	0.015478	116085.117989	1
t = 14.400000	N = 8
180540.978600	0.022873	180541.001473	0
619735.828118	0.008846	619735.836964	1
t = 14.500000	N = 8
376895.241323	0.016103	376895.257425	0
729653.289841	0.008470	729653.298311	1
t = 14.600000	N = 8
720448.667927	0.017596	720448.685523	0
444507.808413	0.015055	444507.823468	1
t = 14.700000	N = 8
249730.516580	0.009711	249730.526292	0
444956.660424	0.012241	444956.672665	1
t = 14.800000	N = 8
215638.180021	0.017157	215638.197178	0
558896.757931	0.003941	558896.761872	1
t = 14.900000	N = 8
355572.298236	0.020024	355572.318260	0
303684.848774	0.012546	303684.861320	1
t = 15.000000	N = 8
363980.650903	0.011288	363980.662192	0
720913.159409	0.014561	720913.173970	1
t = 15.100000	N = 8
275679.380564	0.013082	275679.393646	0
453480.708442	0.018843	453480.727285	1
t = 15.200000	N = 8
180006.086459	0.014349	180006.100808	0
452550.434901	0.011411	452550.446312	1
t = 15.300000	N = 8
338529.145192	0.008741	338529.153932	0
464890.948117	0.017908	464890.966025	1
t = 15.400000	N = 8
925085.517408	0.007017	925085.524425	0
463011.367523	0.018582	463011.386105	1
t = 15.500000	N = 8
558630.688242	0.027415	558630.715657	0
519375.074879	0.007576	519375.082456	1
t = 15.600000	N = 8
552238.811857	0.015010	552238.826867	0
284310.810484	0.012410	284310.822894	1
t = 15.700000	N = 8
493862.134764	0.009090	493862.143853	0
587213.921769	0.011696	587213.933465	1
t = 15.800000	N = 8
321623.206601	0.005957	321623.212558	0
493312.583968	0.030816	493312.614783	1
t = 15.900000	N = 8
677294.573768	0.011750	677294.585518	0
515908.712611	0.011013	515908.723623	1
t = 16.000000	N = 8
325148.610724	0.020173	325148.630897	0
423614.020877	0.009818	423614.030695	1
t = 16.100000	N = 8
665699.352803	0.004631	665699.357434	0
236002.925053	0.007031	236002.932084	1
t = 16.200000	N = 8
425033.333306	0.014307	425033.347613	0
351733.153499	0.011948	351733.165447	1
t = 16.300000	N = 8
309951.144988	0.017649	309951.162637	0
140215.469778	0.018146	140215.487924	1
t = 16.400000	N = 8
386697.862421	0.006466	386697.868888	0
241034.568742	0.007697	241034.576439	1
t = 16.500000	N = 8
419287.604883	0.012889	419287.617772	0
195586.167035	0.005374	195586.172409	1
t = 16.600000	N = 8
577675.262589	0.016652	577675.279241	0
367423.570557	0.011923	367423.582480	1
t = 16.700000	N = 8
300518.580936	0.022772	300518.603708	0
464728.594464	0.008987	464728.603451	1
t = 16.800000	N = 8
465003.251633	0.017016	465003.268649	0
582533.732010	0.009198	582533.741208	1
t = 16.900000	N = 8
323982.808224	0.026487	323982.834711	0
785623.642907	0.024575	785623.667482	1
t = 17.000000	N = 8
426862.161579	0.019380	426862.180959	0
298003.285523	0.022719	298003.308242	1
t = 17.100000	N = 8
544157.132087	0.013920	544157.146008	0
289608.638156	0.011098	289608.649254	1
t = 17.200000	N = 8
618742.574503	0.015300	618742.589803	0
372251.581319	0.024276	372251.605595	1
t = 17.300000	N = 8
643209.034499	0.010954	643209.045453	0
668312.560520	0.010486	668312.571006	1
t = 17.400000	N = 8
368278.643122	0.008006	368278.651128	0
1173912.333809	0.019701	1173912.353510	1
t = 17.500000	N = 8
830424.518082	0.027681	830424.545763	0
367777.444642	0.011591	367777.456233	1
t = 17.600000	N = 8
366456.050949	0.017497	366456.068445	0
300239.772534	0.019049	300239.791583	1
t = 17.700000	N = 8
505600.062372	0.012072	505600.074444	0
416806.048749	0.011065	416806.059814	1
t = 17.800000	N = 8
658565.674316	0.017218	658565.691534	0
769855.085750	0.011995	769855.097745	1
t = 17.900000	N = 8
255794.873935	0.042561	255794.916496	0
558012.370186	0.012192	558012.382378	1
t = 18.000000	N = 8
544510.781894	0.024796	544510.806690	0
205760.950876	0.020089	205760.970965	1
t = 18.100000	N = 8
2889809.331323	0.038829	2889809.370152	0
1957078.548403	0.020950	1957078.569353	1
t = 18.200000	N = 8
553382.431569	0.018010	553382.449579	0
281946.445107	0.015228	281946.460336	1
t = 18.300000	N = 8
914510.169457	0.018595	914510.188052	0
457591.716809	0.027518	457591.744328	1
t = 18.400000	N = 8
243588.196584	0.009888	243588.206471	0
236787.995795	0.008066	236788.003861	1
t = 18.500000	N = 8
869798.541357	0.032132	869798.573489	0
151214.828099	0.032677	151214.860776	1
t = 18.600000	N = 8
446543.814916	0.004161	446543.819077	0
261670.493192	0.026617	261670.519809	1
t = 18.700000	N = 8
439897.030842	0.034239	439897.065081	0
251684.139295	0.008818	251684.148113	1
t = 18.800000	N = 8
554862.626704	0.010455	554862.637159	0
210771.950326	0.029276	210771.979602	1
t = 18.900000	N = 8
623190.288999	0.004558	623190.293557	0
835982.160690	0.034078	835982.194768	1
t = 19.000000	N = 8
602630.258731	0.011840	602630.270571	0
504123.644434	0.022138	504123.666572	1
t = 19.100000	N = 8
2997209.543624	0.021256	2997209.564880	0
1778304.502731	0.024656	1778304.527388	1
t = 19.200000	N = 8
108669.906383	0.023256	108669.929639	0
212903.980012	0.013085	212903.993097	1
t = 19.300000	N = 8
379229.914193	0.010274	379229.924467	0
667543.414938	0.028121	667543.443059	1
t = 19.400000	N = 8
399115.146159	0.019454	399115.165613	0
427822.256258	0.018415	427822.274672	1
t = 19.500000	N = 8
357304.359020	0.012990	357304.372010	0
588237.477029	0.013027	588237.490055	1
t = 19.600000	N = 8
419619.523869	0.015829	419619.539697	0
586387.207195	0.013149	586387.220345	1
t = 19.700000	N = 8
400870.410027	0.009290	400870.419316	0
186682.114103	0.016231	186682.130334	1
t = 19.800000	N = 8
478788.641894	0.011320	478788.653214	0
620700.170874	0.018122	620700.188996	1
t = 19.900000	N = 8
135318.755792	0.016917	135318.772709	0
391799.667427	0.006822	391799.674250	1
t = 20.000000	N = 8
255232.470605	0.006443	255232.477048	0
228187.199400	0.011444	228187.210844	1
t = 20.100000	N = 8
366192.172041	0.006668	366192.178709	0
328665.705835	0.025292	328665.731127	1
t = 20.200000	N = 8
475727.098878	0.008362	475727.107240	0
497879.817273	0.009916	497879.827189	1
t = 20.300000	N = 8
212686.278147	0.010434	212686.288581	0
582437.281421	0.013924	582437.295346	1
t = 20.400000	N = 8
304722.393619	0.058360	304722.451979	0
455748.925202	0.011522	455748.936724	1
t = 20.500000	N = 8
717802.030503	0.009567	717802.040071	0
342698.696728	0.009772	342698.706501	1
t = 20.600000	N = 8
337497.316787	0.025809	337497.342596	0
369675.613357	0.007798	369675.621155	1
t = 20.700000	N = 8
278161.419629	0.012805	278161.432434	0
152510.535971	0.025239	152510.561210	1
t = 20.800000	N = 8
284218.225744	0.028145	284218.253889	0
242494.243879	0.006341	242494.250220	1
t = 20.900000	N = 8
458557.802013	0.019576	458557.821589	0
374508.163969	0.026958	374508.190926	1
t = 21.000000	N = 8
85520.351477	0.012289	85520.363767	0
337631.605164	0.021588	337631.626752	1
t = 21.100000	N = 8
831943.131417	0.015999	831943.147416	0
743847.232145	0.012529	743847.244674	1
t = 21.200000	N = 8
470038.229764	0.020903	470038.250667	0
410464.017055	0.013932	410464.030987	1
t = 21.300000	N = 8
418636.836796	0.017902	418636.854698	0
569931.228575	0.018467	569931.247042	1
t = 21.400000	N = 8
760456.515446	0.016545	760456.531991	0
581853.061542	0.023426	581853.084967	1
t = 21.500000	N = 8
218502.291031	0.022841	218502.313873	0
550567.703453	0.007076	550567.710529	1
t = 21.600000	N = 8
338656.643006	0.014456	338656.657463	0
625110.753020	0.036202	625110.789222	1
t = 21.700000	N = 8
443917.150193	0.007869	443917.158062	0
308257.361372	0.016280	308257.377652	1
t = 21.800000	N = 8
472750.653764	0.006442	472750.660206	0
161632.059329	0.006605	161632.065934	1
t = 21.900000	N = 8
199105.165245	0.013629	199105.178874	0
384785.872517	0.011462	384785.883979	1
t = 22.000000	N = 8
255069.589341	0.020997	255069.610338	0
337588.319349	0.004601	337588.323950	1
t = 22.100000	N = 8
813764.923320	0.020106	813764.943426	0
519057.782011	0.016210	519057.798221	1
t = 22.200000	N = 8
349781.117979	0.014547	349781.132526	0
434852.100938	0.019107	434852.120044	1
t = 22.300000	N = 8
506324.934696	0.016777	506324.951473	0
868813.731010	0.006341	868813.737350	1
t = 22.400000	N = 8
403796.990913	0.025799	403797.016711	0
358352.746583	0.018244	358352.764827	1
t = 22.500000	N = 8
520623.808515	0.024536	520623.833051	0
348303.779283	0.003476	348303.782759	1
t = 22.600000	N = 8
378251.193203	0.009756	378251.202959	0
183559.456318	0.017725	183559.474043	1
t = 22.700000	N = 8
341985.340385	0.008352	341985.348737	0
506026.686601	0.008831	506026.695432	1
t = 22.800000	N = 8
572831.265208	0.022102	572831.287310	0
409876.385113	0.020087	409876.405200	1
t = 22.900000	N = 8
592816.073005	0.009763	592816.082768	0
408855.936160	0.019559	408855.955719	1
t = 23.000000	N = 8
368896.560862	0.019974	368896.580836	0
113991.809254	0.008382	113991.817636	1
t = 23.100000	N = 8
136039.864062	0.010432	136039.874494	0
457811.381412	0.006418	457811.387829	1
t = 23.200000	N = 8
616440.541766	0.019196	616440.560963	0
232519.554025	0.019061	232519.573086	1
t = 23.300000	N = 8
356959.234329	0.001233	356959.235563	0
278137.078995	0.005131	278137.084125	1
t = 23.400000	N = 8
480253.521011	0.005406	480253.526417	0
525121.442218	0.033155	525121.475373	1
t = 23.500000	N = 8
415417.307389	0.021296	415417.328685	0
163668.101369	0.008497	163668.109866	1
t = 23.600000	N = 8
466155.499375	0.008397	466155.507773	0
487221.656040	0.016128	487221.672168	1
t = 23.700000	N = 8
151816.611809	0.019797	151816.631606	0
216052.034926	0.014143	216052.049069	1
t = 23.800000	N = 8
528216.905289	0.007200	528216.912489	0
210212.557561	0.043926	210212.601487	1
t = 23.900000	N = 8
340832.842233	0.017488	340832.859722	0
184570.411285	0.008947	184570.420232	1
t = 24.000000	N = 8
500106.862271	0.016369	500106.878639	0
303608.361395	0.017308	303608.378703	1
t = 24.100000	N = 8
468329.552967	0.013942	468329.566909	0
881062.890928	0.023559	881062.914487	1
t = 24.200000	N = 8
306360.375173	0.016901	306360.392074	0
300771.886474	0.019255	300771.905729	1
t = 24.300000	N = 8
169344.245360	0.021514	169344.266874	0
470991.053773	0.006284	470991.060058	1
t = 24.400000	N = 8
326280.358587	0.011905	326280.370492	0
263125.653304	0.013380	263125.666684	1
t = 24.500000	N = 8
499266.580223	0.038571	499266.618793	0
360211.355789	0.006319	360211.362107	1
t = 24.600000	N = 8
551289.746202	0.012430	551289.758632	0
250422.017992	0.011136	250422.029127	1
t = 24.700000	N = 8
334072.202648	0.009103	334072.211752	0
373468.086368	0.007728	373468.094096	1
t = 24.800000	N = 8
358654.547964	0.005481	358654.553445	0
274195.556303	0.008610	274195.564913	1
t = 24.900000	N = 8
620763.247189	0.017754	620763.264942	0
301181.368985	0.015023	301181.384008	1
t = 25.000000	N = 8
541897.144040	0.005689	541897.149729	0
482643.699719	0.003768	482643.703487	1
t = 25.100000	N = 8
362899.905900	0.032938	362899.938838	0
454186.742577	0.012897	454186.755474	1
t = 25.200000	N = 8
332398.923467	0.011400	332398.934867	0
177953.352226	0.003744	177953.355970	1
t = 25.300000	N = 8
435522.881116	0.011195	435522.892311	0
370679.405632	0.006823	370679.412455	1
t = 25.400000	N = 8
138423.710370	0.008162	138423.718533	0
277200.986620	0.005265	277200.991885	1
t = 25.500000	N = 8
321104.021313	0.007291	321104.028604	0
349241.685374	0.028670	349241.714044	1
t = 25.600000	N = 8
4073287.339891	0.022044	4073287.361935	0
3873638.602015	0.014667	3873638.616682	1
t = 25.700000	N = 8
471330.304033	0.011074	471330.315107	0
525721.454142	0.010958	525721.465100	1
t = 25.800000	N = 8
434179.331327	0.010460	434179.341787	0
233058.517502	0.025724	233058.543226	1
t = 25.900000	N = 8
241219.488801	0.024529	241219.513329	0
589219.536828	0.027202	589219.564030	1
t = 26.000000	N = 8
402384.139043	0.004564	402384.143607	0
339880.736769	0.014457	339880.751226	1
t = 26.100000	N = 8
203371.295374	0.018039	203371.313413	0
489814.005170	0.017047	489814.022217	1
t = 26.200000	N = 8
151588.941004	0.023702	151588.964706	0
285792.191849	0.014538	285792.206387	1
t = 26.300000	N = 8
208596.098773	0.014050	208596.112823	0
449981.826109	0.030144	449981.856253	1
t = 26.400000	N = 8
445559.151059	0.009965	445559.161024	0
695571.507841	0.024184	695571.532025	1
t = 26.500000	N = 8
495136.201788	0.006783	495136.208571	0
424831.435124	0.014345	424831.449469	1
t = 26.600000	N = 8
659534.963160	0.021949	659534.985109	0
537335.330759	0.017286	537335.348045	1
t = 26.700000	N = 8
227392.469558	0.018325	227392.487883	0
483111.238232	0.022912	483111.261144	1
t = 26.800000	N = 8
394838.393387	0.004681	394838.398068	0
506628.535949	0.019611	506628.555560	1
t = 26.900000	N = 8
594931.152066	0.018160	594931.170226	0
328959.622364	0.002476	328959.624840	1
t = 27.000000	N = 8
331151.220642	0.015964	331151.236605	0
323758.698785	0.023606	323758.722391	1
t = 27.100000	N = 8
498608.083327	0.013180	498608.096507	0
226075.978497	0.006223	226075.984720	1
t = 27.200000	N = 8
133386.690882	0.016654	133386.707536	0
245179.778495	0.008054	245179.786549	1
t = 27.300000	N = 8
366075.939035	0.008386	366075.947420	0
637629.365983	0.020566	637629.386549	1
t = 27.400000	N = 8
211408.754669	0.010392	211408.765061	0
705108.982900	0.025570	705109.008470	1
t = 27.500000	N = 8
391600.595421	0.006091	391600.601512	0
518846.322592	0.010999	518846.333591	1
t = 27.600000	N = 8
459644.445461	0.037777	459644.483238	0
606395.457712	0.011448	606395.469159	1
t = 27.700000	N = 8
368077.628730	0.008885	368077.637615	0
165248.480699	0.004961	165248.485660	1
t = 27.800000	N = 8
606151.099565	0.009346	606151.108912	0
419577.568355	0.006992	419577.575347	1
t = 27.900000	N = 8
225298.176694	0.012259	225298.188954	0
445665.480968	0.031035	445665.512003	1
t = 28.000000	N = 8
195040.897934	0.006016	195040.903951	0
353212.888018	0.011680	353212.899698	1
t = 28.100000	N = 8
393521.660503	0.007090	393521.667593	0
510321.567542	0.012792	510321.580334	1
t = 28.200000	N = 8
504696.156274	0.029148	504696.185422	0
176199.147913	0.017523	176199.165436	1
t = 28.300000	N = 8
409515.086994	0.016764	409515.103757	0
329478.380266	0.008891	329478.389157	1
t = 28.400000	N = 8
145322.657930	0.018566	145322.676496	0
619336.020748	0.010725	619336.031473	1
t = 28.500000	N = 8
148140.386600	0.015723	148140.402323	0
315645.748078	0.006976	315645.755054	1
t = 28.600000	N = 8
270426.441929	0.005106	270426.447035	0
336141.216299	0.005866	336141.222165	1
t = 28.700000	N = 8
500635.678389	0.006692	500635.685082	0
443035.877863	0.005743	443035.883606	1
t = 28.800000	N = 8
307636.701271	0.014097	307636.715368	0
151314.151137	0.026706	151314.177843	1
t = 28.900000	N = 8
321082.696432	0.009010	321082.705442	0
406737.741840	0.010661	406737.752501	1
t = 29.000000	N = 8
454223.333449	0.012573	454223.346022	0
399437.633107	0.036353	399437.669460	1
t = 29.100000	N = 8
685656.661990	0.011924	685656.673914	0
498500.175837	0.021670	498500.197507	1
t = 29.200000	N = 8
435304.742351	0.003695	435304.746047	0
487179.658550	0.017315	487179.675865	1
t = 29.300000	N = 8
271654.199830	0.024051	271654.223880	0
152147.172379	0.007497	152147.179876	1
t = 29.400000	N = 8
344899.950129	0.014221	344899.964350	0
645421.196958	0.006291	645421.203249	1
t = 29.500000	N = 8
553013.792558	0.008209	553013.800767	0
198459.367011	0.029069	198459.396080	1
t = 29.600000	N = 8
2079758.760121	0.001792	2079758.761913	0
1526295.893377	0.041451	1526295.934828	1
t = 29.700000	N = 8
526677.897660	0.024938	526677.922598	0
372572.308614	0.015885	372572.324500	1
t = 29.800000	N = 8
675481.034680	0.033123	675481.067804	0
347981.079008	0.019395	347981.098403	1
t = 29.900000	N = 8
622115.836160	0.015753	622115.851912	0
515861.291018	0.015393	515861.306410	1
t = 30.000000	N = 8
270264.780838	0.004504	270264.785341	0
871622.968418	0.012122	871622.980540	1
t = 30.100000	N = 8
543641.868778	0.016867	543641.885644	0
481666.435267	0.011754	481666.447021	1
t = 30.200000	N = 8
306591.898966	0.020269	306591.919235	0
278408.194300	0.029903	278408.224203	1
t = 30.300000	N = 8
466387.565182	0.011473	466387.576655	0
1062392.891499	0.002320	1062392.893819	1
t = 30.400000	N = 8
237320.261079	0.019948	237320.281027	0
563771.892445	0.008511	563771.900955	1
t = 30.500000	N = 8
472395.345976	0.002892	472395.348868	0
739184.721267	0.010972	739184.732239	1
t = 30.600000	N = 8
563276.607794	0.017732	563276.625526	0
240546.658825	0.023819	240546.682644	1
t = 30.700000	N = 8
1572549.113022	0.038585	1572549.151607	0
823669.695048	0.009339	823669.704388	1
t = 30.800000	N = 8
152340.472092	0.047067	152340.519159	0
385087.779034	0.016980	385087.796014	1
t = 30.900000	N = 8
177740.244515	0.057777	177740.302292	0
157874.305348	0.035377	157874.340725	1
t = 31.000000	N = 8
550209.240267	0.020217	550209.260484	0
347538.031808	0.021427	347538.053235	1
t = 31.100000	N = 8
447457.787823	0.016906	447457.804729	0
726683.784343	0.006987	726683.791330	1
t = 31.200000	N = 8
510135.909487	0.010458	510135.919945	0
215538.620887	0.010634	215538.631521	1
t = 31.300000	N = 8
163985.033978	0.008699	163985.042677	0
374639.722992	0.014622	374639.737614	1
t = 31.400000	N = 8
459967.683697	0.015848	459967.699545	0
506626.051881	0.010647	506626.062528	1
t = 31.500000	N = 8
451190.116281	0.006040	451190.122322	0
497400.171393	0.018329	497400.189722	1
t = 31.600000	N = 8
322131.434423	0.017912	322131.452335	0
242273.514273	0.015123	242273.529396	1
t = 31.700000	N = 8
480285.953743	0.009896	480285.963639	0
472754.067637	0.013115	472754.080752	1
t = 31.800000	N = 8
116151.728791	0.015795	116151.744586	0
531985.337159	0.004626	531985.341785	1
t = 31.900000	N = 8
277984.048147	0.015844	277984.063991	0
486592.999990	0.002393	486593.002383	1
t = 32.000000	N = 8
428439.189869	0.244314	428439.434182	0
572286.051857	0.030591	572286.082449	1
t = 32.100000	N = 8
501387.503997	0.010084	501387.514080	0
261591.088718	0.008785	261591.097502	1
t = 32.200000	N = 8
382958.056955	0.020264	382958.077219	0
288655.619398	0.051642	288655.671040	1
t = 32.300000	N = 8
310154.179271	0.008534	310154.187806	0
407217.221613	0.008119	407217.229731	1
t = 32.400000	N = 8
302747.213223	0.013248	302747.226470	0
268030.497416	0.015282	268030.512699	1
t = 32.500000	N = 8
659146.314803	0.015081	659146.329884	0
552597.761674	0.021011	552597.782685	1
t = 32.600000	N = 8
432850.421128	0.008086	432850.429214	0
415196.069097	0.007359	415196.076456	1
t = 32.700000	N = 8
99165.158951	0.017562	99165.176514	0
334852.806249	0.016650	334852.822899	1
t = 32.800000	N = 8
683630.863182	0.026532	683630.889714	0
220442.741896	0.012321	220442.754216	1
t = 32.900000	N = 8
266804.980926	0.007254	266804.988180	0
316700.465368	0.010242	316700.475610	1
t = 33.000000	N = 8
276848.500352	0.021875	276848.522227	0
640022.826882	0.013410	640022.840293	1
t = 33.100000	N = 8
199002.655410	0.023464	199002.678874	0
275244.907729	0.008818	275244.916547	1
t = 33.200000	N = 8
221883.186870	0.006512	221883.193382	0
658472.697200	0.008493	658472.705693	1
t = 33.300000	N = 8
290618.328505	0.008441	290618.336945	0
376196.499535	0.010151	376196.509686	1
t = 33.400000	N = 8
277703.618450	0.013562	277703.632012	0
383241.377528	0.010231	383241.387760	1
t = 33.500000	N = 8
850853.635294	0.006110	850853.641405	0
325072.746680	0.010666	325072.757346	1
t = 33.600000	N = 8
432947.538903	0.008842	432947.547745	0
542153.727910	0.004696	542153.732607	1
t = 33.700000	N = 8
304760.647054	0.034028	304760.681082	0
674406.230249	0.018315	674406.248564	1
t = 33.800000	N = 8
349031.986753	0.010768	349031.997521	0
813885.188935	0.012687	813885.201622	1
t = 33.900000	N = 8
332978.075527	0.026853	332978.102379	0
571909.492729	0.015979	571909.508708	1
t = 34.000000	N = 8
276799.015624	0.020812	276799.036436	0
253791.369032	0.026978	253791.396010	1
t = 34.100000	N = 8
375151.195115	0.012502	375151.207617	0
292482.995108	0.009051	292483.004159	1
t = 34.200000	N = 8
413077.783132	0.007081	413077.790213	0
269233.357844	0.004755	269233.362598	1
t = 34.300000	N = 8
822278.678467	0.021211	822278.699678	0
674162.918492	0.003701	674162.922193	1
t = 34.400000	N = 8
195422.009770	0.029150	195422.038920	0
254325.619217	0.026885	254325.646102	1
t = 34.500000	N = 8
450526.324841	0.001893	450526.326734	0
468352.920845	0.020269	468352.941113	1
t = 34.600000	N = 8
152480.956715	0.020310	152480.977025	0
427529.687222	0.007953	427529.695175	1
t = 34.700000	N = 8
259329.384352	0.021086	259329.405437	0
403143.225854	0.016177	403143.242031	1
t = 34.800000	N = 8
5774159.059090	0.050568	5774159.109658	0
8881918.468032	0.040669	8881918.508701	1
t = 34.900000	N = 8
594517.802097	0.005106	594517.807204	0
579420.232972	0.030186	579420.263158	1
t = 35.000000	N = 8
538752.008920	0.012461	538752.021381	0
494154.359497	0.016609	494154.376106	1
t = 35.100000	N = 8
980643.247188	0.025746	980643.272934	0
1485718.004272	0.130551	1485718.134824	1
t = 35.200000	N = 8
696674.244346	0.012386	696674.256732	0
88237.689442	0.007095	88237.696537	1
t = 35.300000	N = 8
233887.027734	0.011937	233887.039670	0
426887.983596	0.033622	426888.017217	1
t = 35.400000	N = 8
3480910.043948	0.055228	3480910.099176	0
3380283.061825	0.069188	3380283.131013	1
t = 35.500000	N = 8
387259.385793	0.008897	387259.394690	0
349364.377853	0.018722	349364.396574	1
t = 35.600000	N = 8
363607.183409	0.029499	363607.212908	0
392547.295220	0.020847	392547.316068	1
t = 35.700000	N = 8
405329.779537	0.006327	405329.785864	0
418561.905120	0.011085	418561.916205	1
t = 35.800000	N = 8
372003.782415	0.018951	372003.801366	0
290198.465890	0.014043	290198.479932	1
t = 35.900000	N = 8
493927.602732	0.021407	493927.624139	0
828538.224891	0.026653	828538.251543	1
t = 36.000000	N = 8
202080.943283	0.019000	202080.962283	0
624197.148175	0.025855	624197.174030	1
t = 36.100000	N = 8
348811.922513	0.013760	348811.936273	0
381558.232326	0.019857	381558.252183	1
t = 36.200000	N = 8
171035.927277	0.014282	171035.941559	0
210866.421222	0.017722	210866.438945	1
t = 36.300000	N = 8
561512.601746	0.024957	561512.626702	0
512841.352395	0.002573	512841.354969	1
t = 36.400000	N = 8
352322.430420	0.016192	352322.446612	0
523686.426563	0.016579	523686.443142	1
t = 36.500000	N = 8
174839.686092	0.026903	174839.712995	0
254769.748276	0.013528	254769.761805	1
t = 36.600000	N = 8
156488.094866	0.013346	156488.108212	0
320944.185170	0.019349	320944.204519	1
t = 36.700000	N = 8
155008.041843	0.017493	155008.059336	0
907468.395587	0.003603	907468.399190	1
t = 36.800000	N = 8
488128.630387	0.012429	488128.642815	0
155038.040879	0.017679	155038.058558	1
t = 36.900000	N = 8
566409.210437	0.015283	566409.225720	0
369018.878600	0.030773	369018.909373	1
t = 37.000000	N = 8
869117.846809	0.026896	869117.873705	0
308682.258891	0.012214	308682.271105	1
t = 37.100000	N = 8
380027.381905	0.017138	380027.399043	0
256735.760925	0.035222	256735.796148	1
t = 37.200000	N = 8
489532.180681	0.012884	489532.193565	0
336266.759499	0.012504	336266.772003	1
t = 37.300000	N = 8
340881.924334	0.010506	340881.934840	0
705998.141114	0.007516	705998.148630	1
t = 37.400000	N = 8
591906.405855	0.008357	591906.414212	0
686432.729551	0.015242	686432.744793	1
t = 37.500000	N = 8
422960.525407	0.009812	422960.535219	0
343031.620094	0.013497	343031.633591	1
t = 37.600000	N = 8
548783.967127	0.010199	548783.977326	0
301028.500555	0.004754	301028.505309	1
t = 37.700000	N = 8
238537.052594	0.010586	238537.063180	0
457468.660504	0.023137	457468.683641	1
t = 37.800000	N = 8
658288.295996	0.020283	658288.316279	0
417678.422416	0.013859	417678.436275	1
t = 37.900000	N = 8
323824.615339	0.016928	323824.632267	0
713802.180691	0.008588	713802.189280	1
t = 38.000000	N = 8
237174.151090	0.004144	237174.155234	0
521176.466651	0.007773	521176.474424	1
t = 38.100000	N = 8
664941.610826	0.018697	664941.629523	0
418794.814229	0.016229	418794.830458	1
t = 38.200000	N = 8
413251.190359	0.020979	413251.211338	0
290946.107887	0.020727	290946.128614	1
t = 38.300000	N = 8
808039.215786	0.005093	808039.220879	0
430211.970107	0.025808	430211.995915	1
t = 38.400000	N = 8
189894.381596	0.005109	189894.386705	0
468483.456508	0.011143	468483.467652	1
t = 38.500000	N = 8
146901.565846	0.011005	146901.576850	0
206977.810686	0.016476	206977.827162	1
t = 38.600000	N = 8
665788.384884	0.005758	665788.390642	0
130771.193668	0.027961	130771.221629	1
t = 38.700000	N = 8
305546.963043	0.005692	305546.968736	0
864037.128579	0.008786	864037.137365	1
t = 38.800000	N = 8
1109459.484236	0.015684	1109459.499920	0
360960.107987	0.008116	360960.116103	1
t = 38.900000	N = 8
257495.710339	0.009915	257495.720254	0
211631.493769	0.019459	211631.513228	1
t = 39.000000	N = 8
216045.794531	0.025586	216045.820117	0
478257.092242	0.021827	478257.114069	1
t = 39.100000	N = 8
816358.215247	0.028197	816358.243444	0
248832.127403	0.014001	248832.141404	1
t = 39.200000	N = 8
375213.600355	0.009093	375213.609449	0
267319.524094	0.038743	267319.562837	1
t = 39.300000	N = 8
379377.560834	0.010616	379377.571450	0
347220.347972	0.025497	347220.373469	1
t = 39.400000	N = 8
353738.973682	0.003960	353738.977642	0
276928.023761	0.012645	276928.036406	1
t = 39.500000	N = 8
736018.881677	0.009756	736018.891434	0
223089.546847	0.009539	223089.556386	1
t = 39.600000	N = 8
292621.605821	0.012903	292621.618724	0
466062.642240	0.010059	466062.652299	1
t = 39.700000	N = 8
435526.923405	0.021674	435526.945079	0
307956.653686	0.019135	307956.672821	1
t = 39.800000	N = 8
356963.136931	0.022236	356963.159167	0
372130.294783	0.024755	372130.319538	1
t = 39.900000	N = 8
261065.985740	0.023564	261066.009304	0
583091.316394	0.003356	583091.319750	1
t = 40.000000	N = 8
279430.860383	0.005528	279430.865911	0
339278.055949	0.015425	339278.071374	1
t = 40.100000	N = 8
897692.903861	0.021317	897692.925178	0
276791.112345	0.013414	276791.125759	1
t = 40.200000	N = 8
346601.794208	0.014741	346601.808948	0
558898.706670	0.023374	558898.730045	1
t = 40.300000	N = 8
208901.531529	0.016573	208901.548102	0
211147.385410	0.021062	211147.406471	1
t = 40.400000	N = 8
427971.910595	0.002321	427971.912915	0
378967.457663	0.025325	378967.482988	1
t = 40.500000	N = 8
306488.039644	0.020343	306488.059987	0
347983.862711	0.038457	347983.901167	1
t = 40.600000	N = 8
392949.656786	0.007226	392949.664012	0
605360.831018	0.021618	605360.852636	1
t = 40.700000	N = 8
640252.323963	0.017216	640252.341178	0
392725.239926	0.006059	392725.245985	1
t = 40.800000	N = 8
618457.394679	0.009354	618457.404033	0
498610.165966	0.016227	498610.182193	1
t = 40.900000	N = 8
871901.577658	0.008617	871901.586275	0
185655.791330	0.015891	185655.807221	1
t = 41.000000	N = 8
658733.541233	0.006900	658733.548133	0
241774.248513	0.009889	241774.258401	1
t = 41.100000	N = 8
392431.477490	0.005458	392431.482948	0
615260.109964	0.009587	615260.119550	1
t = 41.200000	N = 8
368174.525349	0.027288	368174.552637	0
208072.138435	0.019697	208072.158133	1
t = 41.300000	N = 8
734655.106984	0.011081	734655.118066	0
876189.774844	0.009753	876189.784598	1
t = 41.400000	N = 8
347228.505338	0.006158	347228.511495	0
913217.768376	0.023279	913217.791655	1
t = 41.500000	N = 8
523638.491737	0.011348	523638.503085	0
344712.356330	0.028241	344712.384571	1
t = 41.600000	N = 8
334775.724631	0.037856	334775.762487	0
318275.182215	0.005258	318275.187472	1
t = 41.700000	N = 8
317751.340108	0.011414	317751.351521	0
114467.579562	0.010436	114467.589998	1
t = 41.800000	N = 8
365869.504589	0.013421	365869.518009	0
320470.686585	0.003676	320470.690261	1
t = 41.900000	N = 8
744396.359599	0.006462	744396.366061	0
654626.128249	0.014559	654626.142808	1
t = 42.000000	N = 8
289454.812285	0.018307	289454.830591	0
424715.640884	0.009193	424715.650077	1
t = 42.100000	N = 8
323759.444975	0.010921	323759.455896	0
336311.155750	0.004840	336311.160590	1
t = 42.200000	N = 8
359627.945391	0.011130	359627.956521	0
278039.176683	0.004968	278039.181652	1
t = 42.300000	N = 8
591884.508802	0.012247	591884.521050	0
520361.067949	0.014229	520361.082178	1
t = 42.400000	N = 8
573387.649517	0.017654	573387.667171	0
238025.385932	0.020179	238025.406111	1
t = 42.500000	N = 8
482593.059210	0.008816	482593.068026	0
744964.901826	0.019567	744964.921393	1
t = 42.600000	N = 8
494668.814283	0.011676	494668.825958	0
431864.095643	0.029062	431864.124705	1
t = 42.700000	N = 8
366654.602712	0.004341	366654.607053	0
239635.041972	0.026786	239635.068758	1
t = 42.800000	N = 8
480371.082971	0.015280	480371.098251	0
391701.382753	0.023389	391701.406142	1
t = 42.900000	N = 8
692433.152122	0.003622	692433.155744	0
368054.362772	0.012465	368054.375237	1
t = 43.000000	N = 8
281872.014071	0.014880	281872.028951	0
800828.955028	0.033266	800828.988293	1
t = 43.100000	N = 8
474323.087435	0.016368	474323.103802	0
321433.371428	0.003561	321433.374989	1
t = 43.200000	N = 8
732590.167868	0.022770	732590.190638	0
180437.360734	0.016156	180437.376890	1
t = 43.300000	N = 8
768856.191567	0.029382	768856.220949	0
380780.343109	0.012289	380780.355398	1
t = 43.400000	N = 8
525519.716882	0.008497	525519.725379	0
257652.291191	0.007452	257652.298643	1
t = 43.500000	N = 8
563743.700414	0.017094	563743.717508	0
556161.198539	0.012787	556161.211327	1
t = 43.600000	N = 8
399800.698314	0.039776	399800.738090	0
488611.509927	0.017662	488611.527589	1
t = 43.700000	N = 8
524939.123082	0.011541	524939.134623	0
327486.407116	0.010578	327486.417694	1
t = 43.800000	N = 8
325595.677775	0.008877	325595.686651	0
359716.377303	0.010015	359716.387318	1
t = 43.900000	N = 8
562253.468400	0.033094	562253.501494	0
481999.614674	0.005516	481999.620190	1
t = 44.000000	N = 8
335844.423370	0.012360	335844.435731	0
378271.037556	0.008035	378271.045591	1
t = 44.100000	N = 8
181413.773120	0.006640	181413.779760	0
735675.079176	0.010647	735675.089823	1
t = 44.200000	N = 8
458136.173751	0.007941	458136.181691	0
245587.212645	0.012160	245587.224804	1
t = 44.300000	N = 8
811104.717749	0.014225	811104.731975	0
341477.999183	0.019062	341478.018246	1
t = 44.400000	N = 8
626103.611288	0.008484	626103.619772	0
260324.818877	0.017887	260324.836764	1
t = 44.500000	N = 8
232065.174684	0.011492	232065.186177	0
604517.038732	0.041525	604517.080256	1
t = 44.600000	N = 8
107777.009767	0.017722	107777.027489	0
223070.764193	0.030573	223070.794766	1
t = 44.700000	N = 8
274299.794378	0.016852	274299.811230	0
470333.430421	0.008311	470333.438732	1
t = 44.800000	N = 8
402613.363974	0.017325	402613.381298	0
335983.042048	0.019583	335983.061631	1
t = 44.900000	N = 8
392789.634365	0.007055	392789.641420	0
338285.195740	0.031173	338285.226913	1
t = 45.000000	N = 8
366885.864675	0.017710	366885.882385	0
674440.316887	0.022106	674440.338993	1
t = 45.100000	N = 8
375578.540234	0.006901	375578.547135	0
812239.916355	0.007194	812239.923550	1
t = 45.200000	N = 8
444302.705047	0.010885	444302.715932	0
345284.499263	0.015390	345284.514653	1
t = 45.300000	N = 8
286926.636902	0.007308	286926.644210	0
352804.962743	0.010056	352804.972799	1
t = 45.400000	N = 8
599036.725994	0.005662	599036.731656	0
469954.163222	0.004591	469954.167813	1
t = 45.500000	N = 8
429044.355486	0.024340	429044.379826	0
342482.390374	0.013322	342482.403696	1
t = 45.600000	N = 8
349941.087376	0.008253	349941.095629	0
503744.479488	0.015534	503744.495022	1
t = 45.700000	N = 8
406484.144932	0.027839	406484.172771	0
726813.864428	0.010674	726813.875103	1
t = 45.800000	N = 8
843885.430457	0.004620	843885.435077	0
120338.777796	0.017256	120338.795051	1
t = 45.900000	N = 8
409988.848620	0.024652	409988.873272	0
426334.548387	0.033331	426334.581718	1
t = 46.000000	N = 8
496393.794537	0.010221	496393.804758	0
586626.915117	0.010937	586626.926054	1
t = 46.100000	N = 8
525318.651311	0.012350	525318.663661	0
303383.095996	0.007250	303383.103246	1
t = 46.200000	N = 8
533409.815863	0.032009	533409.847872	0
638033.003903	0.004597	638033.008499	1
t = 46.300000	N = 8
372902.548527	0.013800	372902.562327	0
414918.978090	0.010788	414918.988878	1
t = 46.400000	N = 8
435000.099038	0.019491	435000.118529	0
695992.228403	0.014222	695992.242626	1
t = 46.500000	N = 8
293334.317475	0.022977	293334.340452	0
291821.427416	0.014585	291821.442001	1
t = 46.600000	N = 8
277671.291774	0.005492	277671.297266	0
719472.578268	0.005053	719472.583321	1
t = 46.700000	N = 8
614714.765853	0.022816	614714.788669	0
497015.117135	0.021580	497015.138714	1
t = 46.800000	N = 8
787475.353744	0.009518	787475.363262	0
546790.155393	0.017696	546790.173088	1
t = 46.900000	N = 8
409592.859295	0.011827	409592.871123	0
204771.453203	0.011691	204771.464894	1
t = 47.000000	N = 8
379498.819625	0.009985	379498.829611	0
156148.277308	0.022221	156148.299529	1
t = 47.100000	N = 8
549823.004018	0.017676	549823.021694	0
278319.989196	0.013914	278320.003110	1
t = 47.200000	N = 8
541825.984252	0.039563	541826.023815	0
583149.952349	0.108185	583150.060535	1
t = 47.300000	N = 8
798930.977592	0.020485	798930.998076	0
596335.152154	0.010057	596335.162211	1
t = 47.400000	N = 8
449923.727075	0.004488	449923.731563	0
474288.929212	0.009468	474288.938680	1
t = 47.500000	N = 8
409822.212444	0.007651	409822.220096	0
908164.165792	0.004110	908164.169902	1
t = 47.600000	N = 8
754657.754156	0.015614	754657.769770	0
228812.332934	0.005197	228812.338131	1
t = 47.700000	N = 8
275388.625148	0.013729	275388.638877	0
619048.887230	0.007260	619048.894489	1
t = 47.800000	N = 8
330836.961859	0.019035	330836.980894	0
463781.978330	0.019790	463781.998120	1
t = 47.900000	N = 8
790228.179629	0.028537	790228.208166	0
418731.750744	0.005925	418731.756669	1
t = 48.000000	N = 8
357354.869752	0.018113	357354.887865	0
254485.055533	0.004279	254485.059812	1
t = 48.100000	N = 8
633799.976459	0.008625	633799.985084	0
354859.622180	0.005124	354859.627304	1
t = 48.200000	N = 8
738682.555312	0.026174	738682.581487	0
368098.411564	0.015581	368098.427145	1
t = 48.300000	N = 8
1030009.401115	0.026641	1030009.427756	0
247768.677350	0.017742	247768.695091	1
t = 48.400000	N = 8
137727.543594	0.013842	137727.557436	0
481176.158659	0.019163	481176.177822	1
t = 48.500000	N = 8
215808.879152	0.012201	215808.891353	0
460314.770432	0.007353	460314.777785	1
t = 48.600000	N = 8
242375.959588	0.013303	242375.972891	0
315093.411312	0.007103	315093.418416	1
t = 48.700000	N = 8
464214.916340	0.013844	464214.930184	0
235669.962412	0.014702	235669.977114	1
t = 48.800000	N = 8
213191.270787	0.017438	213191.288225	0
584397.137258	0.010661	584397.147919	1
t = 48.900000	N = 8
604298.802947	0.025831	604298.828778	0
486436.286986	0.013390	486436.300376	1
t = 49.000000	N = 8
521902.904212	0.028663	521902.932875	0
214730.382060	0.007181	214730.389242	1
t = 49.100000	N = 8
284383.224973	0.012032	284383.237005	0
538419.324725	0.022781	538419.347506	1
t = 49.200000	N = 8
797492.770549	0.022315	797492.792864	0
669888.546110	0.019814	669888.565924	1
t = 49.300000	N = 8
291831.657225	0.008381	291831.665607	0
412622.255708	0.001908	412622.257615	1
t = 49.400000	N = 8
503171.636280	0.011886	503171.648166	0
919624.983192	0.009454	919624.992646	1
t = 49.500000	N = 8
704573.738287	0.008577	704573.746864	0
285356.143454	0.009864	285356.153318	1
t = 49.600000	N = 8
53821.807363	0.010816	53821.818178	0
343575.901218	0.012490	343575.913708	1
t = 49.700000	N = 8
333902.210446	0.025117	333902.235563	0
341801.331586	0.007068	341801.338654	1
t = 49.800000	N = 8
450726.448942	0.028637	450726.477578	0
438924.643570	0.016569	438924.660139	1
t = 49.900000	N = 8
426063.799037	0.024302	426063.823340	0
380991.578146	0.029190	380991.607336	1
t = 50.000000	N = 8
277847.801693	0.009209	277847.810902	0
397599.941739	0.006225	397599.947964	1
t = 50.100000	N = 8
555660.175468	0.006617	555660.182085	0
182940.543215	0.009801	182940.553016	1
t = 50.200000	N = 8
443447.089408	0.017103	443447.106511	0
508983.317248	0.008793	508983.326040	1
t = 50.300000	N = 8
455313.682575	0.014433	455313.697008	0
541375.497586	0.008177	541375.505763	1
t = 50.400000	N = 8
279337.737345	0.007945	279337.745290	0
369007.437698	0.001110	369007.438808	1
t = 50.500000	N = 8
395010.880057	0.027152	395010.907209	0
344195.621843	0.009678	344195.631521	1
t = 50.600000	N = 8
333826.353642	0.009257	333826.362899	0
605500.669510	0.009574	605500.679084	1
t = 50.700000	N = 8
277521.050760	0.019246	277521.070006	0
244042.992644	0.012991	244043.005635	1
t = 50.800000	N = 8
769477.377016	0.017175	769477.394191	0
545632.191439	0.017925	545632.209364	1
t = 50.900000	N = 8
537030.394671	0.045117	537030.439788	0
541808.203355	0.005627	541808.208981	1
t = 51.000000	N = 8
475667.590152	0.010243	475667.600395	0
631870.773588	0.010979	631870.784567	1
t = 51.100000	N = 8
206329.545473	0.005689	206329.551162	0
188585.724145	0.003507	188585.727652	1
t = 51.200000	N = 8
422956.580743	0.006514	422956.587257	0
581812.706901	0.016547	581812.723448	1
t = 51.300000	N = 8
464922.265397	0.018217	464922.283614	0
113161.621492	0.002377	113161.623869	1
t = 51.400000	N = 8
426103.999345	0.009426	426104.008771	0
377652.011260	0.007163	377652.018423	1
t = 51.500000	N = 8
265673.036621	0.010831	265673.047452	0
655127.827477	0.021967	655127.849444	1
t = 51.600000	N = 8
413364.247842	0.016587	413364.264429	0
278034.540861	0.010912	278034.551773	1
t = 51.700000	N = 8
428933.445180	0.005177	428933.450357	0
289959.105376	0.018148	289959.123524	1
t = 51.800000	N = 8
171740.868581	0.015220	171740.883801	0
233058.624790	0.029389	233058.654179	1
t = 51.900000	N = 8
186191.096340	0.026732	186191.123072	0
278299.529170	0.007078	278299.536248	1
t = 52.000000	N = 8
270680.929524	0.004764	270680.934288	0
420103.120517	0.013838	420103.134356	1
t = 52.100000	N = 8
469928.628190	0.020277	469928.648467	0
858354.006881	0.018734	858354.025615	1
t = 52.200000	N = 8
228524.414124	0.009619	228524.423743	0
199874.586645	0.002818	199874.589463	1
t = 52.300000	N = 8
186164.995284	0.011076	186165.006360	0
448947.817996	0.011945	448947.829941	1
t = 52.400000	N = 8
704808.407709	0.008191	704808.415899	0
304046.173619	0.010590	304046.184209	1
t = 52.500000	N = 8
540245.962474	0.016970	540245.979444	0
391078.354293	0.012726	391078.367020	1
t = 52.600000	N = 8
323376.625175	0.006281	323376.631457	0
396844.465781	0.009893	396844.475674	1
t = 52.700000	N = 8
355304.929804	0.019602	355304.949406	0
297554.645229	0.014062	297554.659290	1
t = 52.800000	N = 8
239260.689381	0.016487	239260.705868	0
280074.893251	0.015015	280074.908266	1
t = 52.900000	N = 8
169471.094227	0.014889	169471.109117	0
422398.724215	0.012753	422398.736968	1
t = 53.000000	N = 8
271841.028728	0.012014	271841.040741	0
895549.078361	0.002272	895549.080632	1
t = 53.100000	N = 8
728984.723174	0.008480	728984.731653	0
610081.074117	0.003040	610081.077157	1
t = 53.200000	N = 8
277396.053137	0.011596	277396.064733	0
472503.961374	0.007191	472503.968565	1
t = 53.300000	N = 8
305578.916855	0.011841	305578.928697	0
594310.736582	0.019235	594310.755817	1
t = 53.400000	N = 8
278369.597475	0.010923	278369.608398	0
804129.088653	0.010268	804129.098921	1
t = 53.500000	N = 8
280484.488832	0.012945	280484.501777	0
305310.779436	0.006057	305310.785494	1
t = 53.600000	N = 8
251861.307234	0.026197	251861.333431	0
242268.087843	0.003151	242268.090995	1
t = 53.700000	N = 8
461502.758821	0.016208	461502.775029	0
416516.759059	0.018527	416516.777585	1
t = 53.800000	N = 8
235814.366210	0.010863	235814.377073	0
227507.168386	0.029569	227507.197955	1
t = 53.900000	N = 8
318778.363985	0.010479	318778.374464	0
406269.292767	0.017171	406269.309938	1
t = 54.000000	N = 8
267597.970103	0.003142	267597.973245	0
322474.033851	0.029059	322474.062909	1
t = 54.100000	N = 8
377971.774486	0.013757	377971.788243	0
312810.006808	0.002733	312810.009541	1
t = 54.200000	N = 8
463590.928880	0.011583	463590.940463	0
278834.068626	0.009254	278834.077880	1
t = 54.300000	N = 8
381017.005102	0.006056	381017.011158	0
175052.254003	0.014351	175052.268354	1
t = 54.400000	N = 8
251481.152641	0.019973	251481.172614	0
357007.699898	0.032118	357007.732015	1
t = 54.500000	N = 8
560978.659757	0.013742	560978.673499	0
274065.629134	0.007518	274065.636652	1
t = 54.600000	N = 8
458763.909355	0.012955	458763.922310	0
756524.649700	0.010875	756524.660575	1
t = 54.700000	N = 8
345572.314829	0.006315	345572.321144	0
268993.681435	0.004844	268993.686279	1
t = 54.800000	N = 8
615166.439287	0.015939	615166.455226	0
384506.144230	0.033060	384506.177290	1
t = 54.900000	N = 8
557552.998370	0.007625	557553.005994	0
467039.792430	0.009423	467039.801853	1
t = 55.000000	N = 8
453013.502555	0.018581	453013.521135	0
555043.906180	0.017300	555043.923480	1
t = 55.100000	N = 8
526805.823423	0.009322	526805.832745	0
466625.666571	0.027311	466625.693881	1
t = 55.200000	N = 8
631594.644256	0.035735	631594.679992	0
319569.986606	0.013750	319570.000356	1
t = 55.300000	N = 8
355996.776196	0.005715	355996.781911	0
787788.352685	0.007373	787788.360058	1
t = 55.400000	N = 8
511504.792369	0.008186	511504.800555	0
413298.992972	0.008501	413299.001473	1
t = 55.500000	N = 8
251371.385628	0.006445	251371.392073	0
383805.942732	0.008740	383805.951472	1
t = 55.600000	N = 8
219932.493203	0.017546	219932.510749	0
626184.245744	0.006731	626184.252475	1
t = 55.700000	N = 8
431890.739744	0.015106	431890.754850	0
335521.958065	0.009942	335521.968007	1
t = 55.800000	N = 8
242573.521036	0.010154	242573.531190	0
451682.955416	0.021740	451682.977157	1
t = 55.900000	N = 8
120045.542562	0.007242	120045.549804	0
220155.535663	0.006907	220155.542569	1
t = 56.000000	N = 8
1336155.478447	0.018066	1336155.496513	0
1048340.862264	0.018400	1048340.880664	1
t = 56.100000	N = 8
137260.046271	0.006873	137260.053144	0
292424.945237	0.029074	292424.974311	1
t = 56.200000	N = 8
389234.559833	0.012434	389234.572268	0
408159.599052	0.019449	408159.618501	1
t = 56.300000	N = 8
459282.991438	0.017704	459283.009142	0
336904.521819	0.010711	336904.532530	1
t = 56.400000	N = 8
292383.625961	0.015436	292383.641397	0
252914.313481	0.019586	252914.333067	1
t = 56.500000	N = 8
699604.373000	0.009104	699604.382104	0
482563.849804	0.009866	482563.859670	1
t = 56.600000	N = 8
224918.704811	0.009968	224918.714780	0
526590.256415	0.011305	526590.267720	1
t = 56.700000	N = 8
281651.696442	0.025180	281651.721622	0
613546.239542	0.009218	613546.248760	1
t = 56.800000	N = 8
413451.578151	0.026290	413451.604441	0
222806.071913	0.008190	222806.080103	1
t = 56.900000	N = 8
333280.748218	0.014219	333280.762437	0
253372.919911	0.018701	253372.938613	1
t = 57.000000	N = 8
230368.958654	0.022329	230368.980983	0
518809.102613	0.017632	518809.120245	1
t = 57.100000	N = 8
264019.097937	0.020283	264019.118220	0
374348.410845	0.010945	374348.421790	1
t = 57.200000	N = 8
880972.415293	0.013516	880972.428810	0
206781.283476	0.009755	206781.293231	1
t = 57.300000	N = 8
447741.442867	0.013932	447741.456800	0
562815.941917	0.001400	562815.943317	1
t = 57.400000	N = 8
335640.581640	0.013949	335640.595589	0
242799.489019	0.019142	242799.508162	1
t = 57.500000	N = 8
316351.426112	0.021793	316351.447905	0
371935.140414	0.006685	371935.147099	1
t = 57.600000	N = 8
495491.651753	0.010874	495491.662627	0
280428.684623	0.009691	280428.694314	1
t = 57.700000	N = 8
322057.311587	0.005917	322057.317504	0
265557.107515	0.015219	265557.122734	1
t = 57.800000	N = 8
417467.201127	0.014163	417467.215290	0
537348.353160	0.015641	537348.368801	1
t = 57.900000	N = 8
236719.392089	0.008094	236719.400183	0
793502.943418	0.013344	793502.956762	1
t = 58.000000	N = 8
2952965.839144	0.059366	2952965.898511	0
3441022.707366	0.042630	3441022.749995	1
t = 58.100000	N = 8
307195.808155	0.019271	307195.827426	0
202168.531903	0.016554	202168.548456	1
t = 58.200000	N = 8
511009.923407	0.017452	511009.940859	0
301658.770454	0.006794	301658.777249	1
t = 58.300000	N = 8
549337.375474	0.020603	549337.396077	0
163501.451407	0.019824	163501.471231	1
t = 58.400000	N = 8
382650.147189	0.010760	382650.157949	0
1056603.596203	0.020102	1056603.616305	1
t = 58.500000	N = 8
597716.165981	0.007366	597716.173347	0
228635.034409	0.002524	228635.036933	1
t = 58.600000	N = 8
682031.555660	0.009130	682031.564790	0
646719.435553	0.015730	646719.451283	1
t = 58.700000	N = 8
268853.729070	0.011675	268853.740745	0
552079.641874	0.015282	552079.657156	1
t = 58.800000	N = 8
390728.777970	0.026025	390728.803995	0
766847.487654	0.006501	766847.494155	1
t = 58.900000	N = 8
1981301.913799	0.259331	1981302.173130	0
1721157.518884	0.020204	1721157.539088	1
t = 59.000000	N = 8
246568.282699	0.002892	246568.285591	0
250976.043849	0.008196	250976.052045	1
t = 59.100000	N = 8
441184.092304	0.008992	441184.101297	0
207821.944732	0.036148	207821.980880	1
t = 59.200000	N = 8
328400.327270	0.004854	328400.332124	0
519130.059290	0.032815	519130.092105	1
t = 59.300000	N = 8
832716.565503	0.008284	832716.573786	0
215239.638176	0.020712	215239.658889	1
t = 59.400000	N = 8
262597.000626	0.013955	262597.014581	0
658527.342353	0.003607	658527.345961	1
t = 59.500000	N = 8
503042.814185	0.011642	503042.825827	0
517915.999414	0.021683	517916.021098	1
t = 59.600000	N = 8
714658.818697	0.017339	714658.836036	0
534093.559032	0.030782	534093.589814	1
t = 59.700000	N = 8
265600.773196	0.019572	265600.792767	0
492390.764421	0.013390	492390.777811	1
t = 59.800000	N = 8
497985.865722	0.017906	497985.883628	0
169806.261056	0.003513	169806.264569	1
t = 59.900000	N = 8
377673.091617	0.021432	377673.113050	0
346749.873123	0.040698	346749.913821	1
t = 60.000000	N = 8
317260.582341	0.020716	317260.603057	0
454747.812211	0.020002	454747.832214	1
t = 60.100000	N = 8
413395.734755	0.014048	413395.748803	0
349735.171093	0.005886	349735.176979	1
t = 60.200000	N = 8
582491.318874	0.025617	582491.344491	0
149724.103248	0.018856	149724.122105	1
t = 60.300000	N = 8
333911.125689	0.009089	333911.134778	0
483955.605144	0.007771	483955.612915	1
t = 60.400000	N = 8
217286.595622	0.033783	217286.629404	0
255813.214111	0.008148	255813.222259	1
t = 60.500000	N = 8
304348.025650	0.019130	304348.044781	0
577003.460587	0.015985	577003.476573	1
t = 60.600000	N = 8
462723.723916	0.005537	462723.729453	0
215668.167588	0.010124	215668.177712	1
t = 60.700000	N = 8
359352.493362	0.018811	359352.512173	0
541604.452710	0.011787	541604.464497	1
t = 60.800000	N = 8
343883.775560	0.024968	343883.800528	0
226128.376806	0.015632	226128.392438	1
t = 60.900000	N = 8
153035.706733	0.027560	153035.734293	0
751483.475804	0.044867	751483.520671	1
t = 61.000000	N = 8
306138.088390	0.015955	306138.104344	0
352692.215437	0.024363	352692.239800	1
t = 61.100000	N = 8
232807.315899	0.019523	232807.335422	0
381319.497861	0.021343	381319.519203	1
t = 61.200000	N = 8
4903945.092658	0.019888	4903945.112547	0
2779353.150544	0.006021	2779353.156564	1
t = 61.300000	N = 8
1230948.793836	0.007093	1230948.800929	0
1402536.165644	0.019209	1402536.184853	1
t = 61.400000	N = 8
674028.178218	0.015161	674028.193379	0
102724.967092	0.002229	102724.969321	1
t = 61.500000	N = 8
617784.725946	0.007392	617784.733338	0
182760.298247	0.008721	182760.306968	1
t = 61.600000	N = 8
849830.410502	0.009772	849830.420275	0
526797.827396	0.006034	526797.833430	1
t = 61.700000	N = 8
396586.712461	0.031271	396586.743731	0
873104.121972	0.015042	873104.137014	1
t = 61.800000	N = 8
473776.860077	0.011486	473776.871564	0
412840.917193	0.008972	412840.926165	1
t = 61.900000	N = 8
308371.642317	0.015948	308371.658266	0
560748.265374	0.011266	560748.276639	1
t = 62.000000	N = 8
166840.824617	0.007873	166840.832490	0
323201.777459	0.007005	323201.784464	1
t = 62.100000	N = 8
984532.482966	0.012736	984532.495702	0
530562.538679	0.024756	530562.563436	1
t = 62.200000	N = 8
514566.078749	0.025304	514566.104053	0
467030.394600	0.004827	467030.399427	1
t = 62.300000	N = 8
420068.053638	0.021623	420068.075261	0
671391.276144	0.009844	671391.285988	1
t = 62.400000	N = 8
702925.490731	0.016767	702925.507497	0
378630.588096	0.015269	378630.603365	1
t = 62.500000	N = 8
602040.570097	0.021438	602040.591534	0
318909.479468	0.017738	318909.497206	1
t = 62.600000	N = 8
340238.019324	0.027040	340238.046364	0
448674.276620	0.007936	448674.284555	1
t = 62.700000	N = 8
351810.783953	0.016405	351810.800358	0
185397.377100	0.019637	185397.396738	1
t = 62.800000	N = 8
168240.951479	0.027288	168240.978767	0
537030.129733	0.012795	537030.142528	1
t = 62.900000	N = 8
405795.792444	0.011510	405795.803953	0
465729.435033	0.015434	465729.450467	1
t = 63.000000	N = 8
1617185.947103	0.029354	1617185.976457	0
2628395.943585	0.030798	2628395.974383	1
t = 63.100000	N = 8
526793.530116	0.016585	526793.546701	0
850803.333118	0.019796	850803.352914	1
t = 63.200000	N = 8
281842.073323	0.020782	281842.094105	0
531349.308258	0.019601	531349.327859	1
t = 63.300000	N = 8
325710.084521	0.018501	325710.103022	0
344474.596043	0.002926	344474.598970	1
t = 63.400000	N = 8
15211893.702998	0.076995	15211893.779993	0
7163100.166027	0.036027	7163100.202054	1
t = 63.500000	N = 8
455799.457167	0.018661	455799.475828	0
677553.268128	0.008591	677553.276719	1
t = 63.600000	N = 8
207834.521478	0.018000	207834.539478	0
544930.099858	0.018638	544930.118496	1
t = 63.700000	N = 8
413786.106340	0.014040	413786.120380	0
236199.088379	0.013425	236199.101804	1
t = 63.800000	N = 8
375869.151822	0.018663	375869.170484	0
415609.778909	0.009909	415609.788818	1
t = 63.900000	N = 8
316424.965177	0.016506	316424.981683	0
666276.097851	0.032232	666276.130083	1
t = 64.000000	N = 8
507801.253058	0.008745	507801.261803	0
499680.538741	0.012619	499680.551360	1
t = 64.100000	N = 8
556380.835037	0.010661	556380.845698	0
241106.596429	0.004655	241106.601085	1
t = 64.200000	N = 8
705240.376056	0.008176	705240.384232	0
705824.148153	0.025623	705824.173776	1
t = 64.300000	N = 8
2317662.134622	0.006926	2317662.141548	0
4238565.270260	0.060577	4238565.330837	1
t = 64.400000	N = 8
176778.123591	0.015090	176778.138680	0
320768.420393	0.006568	320768.426961	1
t = 64.500000	N = 8
326597.854411	0.012038	326597.866450	0
395177.976453	0.003199	395177.979652	1
t = 64.600000	N = 8
201233.001593	0.029241	201233.030834	0
444764.643531	0.002564	444764.646095	1
t = 64.700000	N = 8
497543.096089	0.006697	497543.102787	0
248385.105216	0.018097	248385.123313	1
t = 64.800000	N = 8
377938.264469	0.082685	377938.347155	0
868654.602387	0.014437	868654.616824	1
t = 64.900000	N = 8
672288.923492	0.014842	672288.938334	0
600447.216879	0.013621	600447.230500	1
t = 65.000000	N = 8
416530.367755	0.010559	416530.378315	0
345110.743553	0.017881	345110.761434	1
t = 65.100000	N = 8
870929.126652	0.003452	870929.130104	0
360421.790586	0.013820	360421.804407	1
t = 65.200000	N = 8
210306.940469	0.029937	210306.970405	0
584801.587513	0.022056	584801.609568	1
t = 65.300000	N = 8
229228.623647	0.007882	229228.631529	0
525231.499209	0.017438	525231.516647	1
t = 65.400000	N = 8
388687.962393	0.018997	388687.981391	0
714648.937799	0.017988	714648.955787	1
t = 65.500000	N = 8
291140.603384	0.008223	291140.611607	0
530604.022060	0.027989	530604.050049	1
t = 65.600000	N = 8
760787.145247	0.007803	760787.153050	0
416350.250274	0.010126	416350.260400	1
t = 65.700000	N = 8
433594.105336	0.008443	433594.113779	0
207780.932019	0.011491	207780.943510	1
t = 65.800000	N = 8
348503.070016	0.009452	348503.079468	0
468984.831370	0.005156	468984.836526	1
t = 65.900000	N = 8
364346.517546	0.029043	364346.546589	0
518417.563286	0.029879	518417.593166	1
t = 66.000000	N = 8
389587.395302	0.021496	389587.416798	0
561012.893788	0.014020	561012.907807	1
t = 66.100000	N = 8
304394.872485	0.015760	304394.888245	0
327002.633374	0.011841	327002.645215	1
t = 66.200000	N = 8
517836.297991	0.012413	517836.310404	0
832469.166036	0.016045	832469.182082	1
t = 66.300000	N = 8
416834.554445	0.018470	416834.572915	0
532806.214281	0.018311	532806.232592	1
t = 66.400000	N = 8
354281.457543	0.015185	354281.472728	0
339903.863670	0.010408	339903.874078	1
t = 66.500000	N = 8
377998.526272	0.009409	377998.535681	0
236457.574756	0.004046	236457.578802	1
t = 66.600000	N = 8
545217.449628	0.033230	545217.482858	0
668997.861636	0.012083	668997.873719	1
t = 66.700000	N = 8
535913.655542	0.007603	535913.663145	0
415842.320133	0.029105	415842.349238	1
t = 66.800000	N = 8
402817.649471	0.013072	402817.662543	0
184825.928817	0.008845	184825.937662	1
t = 66.900000	N = 8
330817.348912	0.009492	330817.358404	0
279582.747568	0.004022	279582.751590	1
t = 67.000000	N = 8
373594.625990	0.015305	373594.641296	0
432269.285584	0.014806	432269.300390	1
t = 67.100000	N = 8
745142.834050	0.028557	745142.862607	0
353497.796483	0.005603	353497.802086	1
t = 67.200000	N = 8
302180.943304	0.011972	302180.955277	0
626224.024812	0.037766	626224.062578	1
t = 67.300000	N = 8
632661.332259	0.019857	632661.352116	0
491419.503742	0.013012	491419.516754	1
t = 67.400000	N = 8
406751.342287	0.005376	406751.347662	0
217540.285658	0.025537	217540.311195	1
t = 67.500000	N = 8
410175.297948	0.020359	410175.318307	0
409930.647117	0.005880	409930.652997	1
t = 67.600000	N = 8
83907.974661	0.019828	83907.994489	0
604698.007718	0.011656	604698.019373	1
t = 67.700000	N = 8
141893.077573	0.013647	141893.091221	0
381608.878745	0.025819	381608.904563	1
t = 67.800000	N = 8
679847.090321	0.036000	679847.126321	0
385341.606674	0.008493	385341.615166	1
t = 67.900000	N = 8
352817.302501	0.021394	352817.323896	0
249621.508907	0.007208	249621.516115	1
t = 68.000000	N = 8
299403.662442	0.017924	299403.680366	0
444594.788138	0.014576	444594.802713	1
t = 68.100000	N = 8
137577.276956	0.024354	137577.301310	0
398327.950583	0.023078	398327.973661	1
t = 68.200000	N = 8
397370.393863	0.010586	397370.404450	0
266419.769509	0.012506	266419.782015	1
t = 68.300000	N = 8
237814.254372	0.009282	237814.263654	0
222598.117504	0.013687	222598.131191	1
t = 68.400000	N = 8
381523.086171	0.014205	381523.100376	0
248723.482441	0.005336	248723.487777	1
t = 68.500000	N = 8
388336.645468	0.024452	388336.669921	0
330504.365997	0.011155	330504.377152	1
t = 68.600000	N = 8
390721.824237	0.013823	390721.838060	0
197690.549669	0.021188	197690.570857	1
t = 68.700000	N = 8
600230.651566	0.023443	600230.675010	0
150280.255877	0.015867	150280.271745	1
t = 68.800000	N = 8
237750.306453	0.013426	237750.319879	0
303449.278611	0.007316	303449.285927	1
t = 68.900000	N = 8
4337712.341222	0.018509	4337712.359730	0
7967978.800005	0.062859	7967978.862864	1
t = 69.000000	N = 8
467288.575373	0.018059	467288.593431	0
572344.481619	0.018424	572344.500042	1
t = 69.100000	N = 8
436938.100335	0.019137	436938.119472	0
411055.034122	0.005167	411055.039288	1
t = 69.200000	N = 8
436717.818554	0.020964	436717.839518	0
423763.829233	0.010659	423763.839892	1
t = 69.300000	N = 8
466035.124397	0.004421	466035.128818	0
437465.668957	0.011471	437465.680427	1
t = 69.400000	N = 8
373408.028439	0.022123	373408.050562	0
642322.577441	0.023609	642322.601050	1
t = 69.500000	N = 8
363451.220725	0.038001	363451.258726	0
295683.330674	0.007977	295683.338651	1
t = 69.600000	N = 8
487810.625628	0.052670	487810.678298	0
745228.886896	0.057844	745228.944741	1
t = 69.700000	N = 8
430129.038420	0.017838	430129.056258	0
195251.549804	0.020565	195251.570370	1
t = 69.800000	N = 8
497450.470803	0.020698	497450.491501	0
455876.934289	0.040797	455876.975086	1
t = 69.900000	N = 8
534644.967236	0.008708	534644.975944	0
591124.659362	0.012451	591124.671813	1
t = 70.000000	N = 8
485088.239408	0.024809	485088.264217	0
754679.864259	0.012973	754679.877232	1
t = 70.100000	N = 8
288835.986114	0.016823	288836.002937	0
375783.690722	0.045715	375783.736436	1
t = 70.200000	N = 8
469146.736661	0.007435	469146.744096	0
200928.215138	0.016723	200928.231860	1
t = 70.300000	N = 8
2424385.954540	0.060258	2424386.014797	0
1729833.570907	0.021862	1729833.592769	1
t = 70.400000	N = 8
188005.478269	0.007924	188005.486193	0
369070.206382	0.051240	369070.257622	1
t = 70.500000	N = 8
486322.914352	0.020129	486322.934480	0
267590.828821	0.008120	267590.836940	1
t = 70.600000	N = 8
325620.522589	0.019798	325620.542387	0
576626.422493	0.014989	576626.437482	1
t = 70.700000	N = 8
286175.689674	0.024737	286175.714411	0
339828.524871	0.009650	339828.534521	1
t = 70.800000	N = 8
296197.178287	0.005535	296197.183822	0
447782.697526	0.008631	447782.706157	1
t = 70.900000	N = 8
230721.262300	0.011261	230721.273561	0
472094.290957	0.015847	472094.306804	1
t = 71.000000	N = 8
544527.498771	0.003492	544527.502263	0
660153.927876	0.011787	660153.939662	1
t = 71.100000	N = 8
916862.794206	0.011948	916862.806155	0
961537.799815	0.008906	961537.808721	1
t = 71.200000	N = 8
486080.216248	0.011634	486080.227882	0
694854.856476	0.011030	694854.867506	1
t = 71.300000	N = 8
243626.777089	0.010880	243626.787968	0
389544.293314	0.021951	389544.315265	1
t = 71.400000	N = 8
287665.482058	0.015839	287665.497896	0
488563.096526	0.010244	488563.106770	1
t = 71.500000	N = 8
294309.056528	0.006329	294309.062857	0
466661.502909	0.003499	466661.506408	1
t = 71.600000	N = 8
451104.679987	0.009303	451104.689290	0
532102.690461	0.008119	532102.698580	1
t = 71.700000	N = 8
266261.791439	0.038687	266261.830126	0
311523.021396	0.019584	311523.040980	1
t = 71.800000	N = 8
868435.447182	0.021713	868435.468895	0
336243.604434	0.009620	336243.614054	1
t = 71.900000	N = 8
364110.374883	0.007292	364110.382175	0
550913.012010	0.022569	550913.034579	1
t = 72.000000	N = 8
737884.832444	0.001981	737884.834425	0
297072.942559	0.015294	297072.957853	1
t = 72.100000	N = 8
273425.381807	0.010865	273425.392672	0
374733.255630	0.032804	374733.288434	1
t = 72.200000	N = 8
430177.695080	0.012850	430177.707930	0
290774.878448	0.014719	290774.893167	1
t = 72.300000	N = 8
256539.617458	0.005166	256539.622623	0
276311.783215	0.012465	276311.795680	1
t = 72.400000	N = 8
852541.952847	0.020432	852541.973279	0
410256.160735	0.006306	410256.167042	1
t = 72.500000	N = 8
195937.302959	0.012801	195937.315760	0
367424.410404	0.005856	367424.416260	1
t = 72.600000	N = 8
518610.420093	0.033425	518610.453519	0
446597.257818	0.012266	446597.270085	1
t = 72.700000	N = 8
472013.119859	0.007512	472013.127371	0
348543.498532	0.008212	348543.506744	1
t = 72.800000	N = 8
373641.032625	0.027050	373641.059675	0
461776.664512	0.011505	461776.676018	1
t = 72.900000	N = 8
1078096.714299	0.016474	1078096.730773	0
511438.971907	0.012052	511438.983959	1
t = 73.000000	N = 8
572191.338045	0.013648	572191.351693	0
352094.334687	0.010745	352094.345432	1
t = 73.100000	N = 8
231726.398874	0.017402	231726.416276	0
378451.006062	0.018467	378451.024528	1
t = 73.200000	N = 8
547362.035279	0.008169	547362.043448	0
479814.753131	0.006612	479814.759743	1
t = 73.300000	N = 8
751941.033790	0.020902	751941.054692	0
688835.572309	0.007950	688835.580259	1
t = 73.400000	N = 8
503705.849690	0.013235	503705.862925	0
183579.547497	0.005933	183579.553430	1
t = 73.500000	N = 8
195856.737848	0.016214	195856.754061	0
131129.128543	0.017585	131129.146128	1
t = 73.600000	N = 8
702429.246685	0.031523	702429.278208	0
693252.919611	0.016022	693252.935633	1
t = 73.700000	N = 8
688832.383109	0.010749	688832.393859	0
373667.019053	0.019410	373667.038463	1
t = 73.800000	N = 8
690890.520012	0.013622	690890.533635	0
634297.374845	0.008595	634297.383440	1
t = 73.900000	N = 8
232221.038068	0.009206	232221.047275	0
396790.041289	0.014066	396790.055355	1
t = 74.000000	N = 8
94895.683210	0.010557	94895.693767	0
179021.343328	0.007046	179021.350374	1
t = 74.100000	N = 8
287912.872086	0.016076	287912.888162	0
139876.740184	0.019476	139876.759660	1
t = 74.200000	N = 8
570069.688794	0.009617	570069.698412	0
727500.202219	0.009721	727500.211940	1
t = 74.300000	N = 8
271370.263280	0.010961	271370.274242	0
788741.374500	0.016428	788741.390928	1
t = 74.400000	N = 8
594681.787165	0.009408	594681.796573	0
274000.860577	0.008258	274000.868835	1
t = 74.500000	N = 8
289395.630836	0.019791	289395.650627	0
563836.327690	0.008605	563836.336295	1
t = 74.600000	N = 8
351178.089677	0.018065	351178.107741	0
629033.883983	0.021033	629033.905016	1
t = 74.700000	N = 8
191228.132070	0.005813	191228.137884	0
431696.937720	0.021895	431696.959615	1
t = 74.800000	N = 8
418408.559391	0.011262	418408.570653	0
736868.553462	0.027994	736868.581457	1
t = 74.900000	N = 8
165407.444924	0.007003	165407.451927	0
574358.075241	0.003605	574358.078847	1
t = 75.000000	N = 8
904461.527802	0.296722	904461.824524	0
289682.333463	0.064454	289682.397918	1
t = 75.100000	N = 8
479150.570896	0.036990	479150.607886	0
388979.907268	0.022501	388979.929769	1
t = 75.200000	N = 8
16652177.129038	0.033542	16652177.162579	0
32427200.784649	0.115777	32427200.900425	1
t = 75.300000	N = 8
534843.881032	0.008423	534843.889455	0
325334.219657	0.026604	325334.246261	1
t = 75.400000	N = 8
554434.771681	0.018079	554434.789760	0
181153.013243	0.009913	181153.023156	1
t = 75.500000	N = 8
370248.758096	0.009241	370248.767337	0
166624.463541	0.011646	166624.475186	1
t = 75.600000	N = 8
813026.603576	0.007931	813026.611507	0
253386.178706	0.020230	253386.198936	1
t = 75.700000	N = 8
161004.549270	0.023866	161004.573137	0
499078.131104	0.023980	499078.155084	1
t = 75.800000	N = 8
534463.828912	0.040850	534463.869762	0
582312.855866	0.014417	582312.870284	1
t = 75.900000	N = 8
770254.310701	0.020886	770254.331587	0
444674.286957	0.022881	444674.309837	1
t = 76.000000	N = 8
237353.880589	0.012286	237353.892875	0
268475.948377	0.009480	268475.957856	1
t = 76.100000	N = 8
603406.298384	0.010632	603406.309016	0
406017.505100	0.035153	406017.540253	1
t = 76.200000	N = 8
536237.459131	0.007825	536237.466955	0
475955.529922	0.011607	475955.541528	1
t = 76.300000	N = 8
202264.618911	0.006199	202264.625109	0
450471.934339	0.008137	450471.942476	1
t = 76.400000	N = 8
430337.951171	0.012683	430337.963853	0
736390.896516	0.004766	736390.901282	1
t = 76.500000	N = 8
200954.921184	0.015086	200954.936270	0
551934.808164	0.018481	551934.826646	1
t = 76.600000	N = 8
390184.325111	0.009028	390184.334139	0
298506.140280	0.012690	298506.152969	1
t = 76.700000	N = 8
189910.679020	0.022136	189910.701155	0
325346.950425	0.013668	325346.964092	1
t = 76.800000	N = 8
334767.134090	0.011017	334767.145108	0
303278.775423	0.012487	303278.787910	1
t = 76.900000	N = 8
340724.867884	0.016627	340724.884511	0
350982.107951	0.030357	350982.138308	1
t = 77.000000	N = 8
397033.806937	0.026039	397033.832976	0
207034.956753	0.003938	207034.960691	1
t = 77.100000	N = 8
454141.923786	0.017314	454141.941100	0
580300.892150	0.008213	580300.900363	1
t = 77.200000	N = 8
704291.133449	0.012008	704291.145457	0
493801.323669	0.011691	493801.335360	1
t = 77.300000	N = 8
169976.890647	0.001624	169976.892271	0
464614.130363	0.027471	464614.157833	1
t = 77.400000	N = 8
157884.716756	0.013984	157884.730740	0
939644.166133	0.008228	939644.174360	1
t = 77.500000	N = 8
754244.843466	0.006033	754244.849500	0
308660.676967	0.013028	308660.689995	1
t = 77.600000	N = 8
482796.779081	0.017787	482796.796867	0
132186.219765	0.009961	132186.229726	1
t = 77.700000	N = 8
698413.391150	0.009990	698413.401140	0
483425.330806	0.004344	483425.335150	1
t = 77.800000	N = 8
102465.317983	0.004277	102465.322260	0
262915.618258	0.009055	262915.627313	1
t = 77.900000	N = 8
730998.700451	0.007940	730998.708391	0
736913.242123	0.016246	736913.258369	1
t = 78.000000	N = 8
190435.413968	0.022350	190435.436318	0
280248.664009	0.012105	280248.676115	1
t = 78.100000	N = 8
324241.844127	0.007137	324241.851263	0
489933.060933	0.002787	489933.063720	1
t = 78.200000	N = 8
407468.525436	0.009429	407468.534865	0
125428.124806	0.017502	125428.142308	1
t = 78.300000	N = 8
216655.910231	0.013546	216655.923777	0
334938.042630	0.012016	334938.054645	1
t = 78.400000	N = 8
317609.629900	0.008195	317609.638095	0
264344.406339	0.014535	264344.420874	1
t = 78.500000	N = 8
309840.004629	0.007882	309840.012511	0
443750.409467	0.023207	443750.432674	1
t = 78.600000	N = 8
217743.656568	0.017554	217743.674122	0
343511.736254	0.023657	343511.759911	1
t = 78.700000	N = 8
573348.786051	0.008148	573348.794199	0
373207.041971	0.011204	373207.053176	1
t = 78.800000	N = 8
518987.783443	0.005929	518987.789372	0
562287.248325	0.009649	562287.257974	1
t = 78.900000	N = 8
235185.251431	0.017265	235185.268696	0
659687.229479	0.014458	659687.243937	1
t = 79.000000	N = 8
505090.668391	0.006585	505090.674977	0
339668.945681	0.030283	339668.975963	1
t = 79.100000	N = 8
493123.660314	0.015647	493123.675961	0
415480.910721	0.013869	415480.924590	1
t = 79.200000	N = 8
670323.933880	0.009271	670323.943151	0
371075.481925	0.011952	371075.493877	1
t = 79.300000	N = 8
340522.962345	0.009338	340522.971683	0
177305.915658	0.007164	177305.922822	1
t = 79.400000	N = 8
183424.624325	0.013108	183424.637434	0
469134.364613	0.038092	469134.402705	1
t = 79.500000	N = 8
251940.788089	0.013074	251940.801164	0
269642.885860	0.015962	269642.901822	1
t = 79.600000	N = 8
748345.815678	0.021394	748345.837071	0
329750.448234	0.021916	329750.470149	1
t = 79.700000	N = 8
856199.722896	0.105291	856199.828187	0
1650686.892550	0.023176	1650686.915726	1
t = 79.800000	N = 8
2249390.911257	0.035440	2249390.946697	0
3586375.088365	0.022556	3586375.110921	1
t = 79.900000	N = 8
386757.733666	0.006734	386757.740400	0
851002.905317	0.016385	851002.921702	1
t = 80.000000	N = 8
748341.352225	0.020617	748341.372842	0
292472.180176	0.016171	292472.196347	1
t = 80.100000	N = 8
464032.874222	0.014041	464032.888263	0
354634.603994	0.029498	354634.633492	1
t = 80.200000	N = 8
429071.361993	0.011861	429071.373853	0
397845.973488	0.009483	397845.982970	1
t = 80.300000	N = 8
247585.862088	0.009656	247585.871744	0
827443.261680	0.013749	827443.275430	1
t = 80.400000	N = 8
215387.048869	0.017656	215387.066524	0
916024.246253	0.003095	916024.249348	1
t = 80.500000	N = 8
205783.467338	0.006941	205783.474279	0
561589.716873	0.008540	561589.725413	1
t = 80.600000	N = 8
761382.290210	0.011254	761382.301463	0
321408.700226	0.014756	321408.714982	1
t = 80.700000	N = 8
671331.171080	0.007129	671331.178209	0
634153.430509	0.034304	634153.464813	1
t = 80.800000	N = 8
685876.466299	0.010506	685876.476805	0
280993.402063	0.016669	280993.418732	1
t = 80.900000	N = 8
494963.606608	0.007176	494963.613784	0
290933.241219	0.015770	290933.256989	1
t = 81.000000	N = 8
383070.331008	0.024610	383070.355617	0
556038.493046	0.018487	556038.511533	1
t = 81.100000	N = 8
385052.072011	0.024434	385052.096444	0
299521.687491	0.017107	299521.704598	1
t = 81.200000	N = 8
539373.423515	0.006120	539373.429636	0
159321.270970	0.020099	159321.291069	1
t = 81.300000	N = 8
343923.152614	0.010544	343923.163158	0
141884.472757	0.015156	141884.487913	1
t = 81.400000	N = 8
568967.876720	0.009040	568967.885760	0
276831.389680	0.023216	276831.412897	1
t = 81.500000	N = 8
272020.249141	0.009613	272020.258754	0
249860.531132	0.021001	249860.552133	1
t = 81.600000	N = 8
590675.938378	0.011638	590675.950016	0
498878.389980	0.008653	498878.398633	1
t = 81.700000	N = 8
315345.199652	0.026565	315345.226217	0
819215.967647	0.013902	819215.981550	1
t = 81.800000	N = 8
386137.050055	0.024110	386137.074166	0
159066.251824	0.010295	159066.262119	1
t = 81.900000	N = 8
384757.733207	0.017856	384757.751064	0
187604.556998	0.015946	187604.572944	1
t = 82.000000	N = 8
14638847.245785	0.024650	14638847.270435	0
14907967.914010	0.059741	14907967.973751	1
t = 82.100000	N = 8
534453.174225	0.011299	534453.185524	0
270131.889353	0.024200	270131.913553	1
t = 82.200000	N = 8
706249.426804	0.028026	706249.454830	0
235103.240129	0.008018	235103.248147	1
t = 82.300000	N = 8
419524.859839	0.020896	419524.880735	0
327714.041902	0.013433	327714.055335	1
t = 82.400000	N = 8
794802.728559	0.012168	794802.740727	0
372030.026177	0.019363	372030.045540	1
t = 82.500000	N = 8
547495.982821	0.022059	547496.004880	0
656704.326493	0.012058	656704.338550	1
t = 82.600000	N = 8
929280.005789	0.006313	929280.012102	0
369588.032607	0.009933	369588.042540	1
t = 82.700000	N = 8
84069.598270	0.012631	84069.610900	0
486114.910560	0.010073	486114.920633	1
t = 82.800000	N = 8
505775.462878	0.015152	505775.478030	0
532320.982055	0.012059	532320.994114	1
t = 82.900000	N = 8
494769.087260	0.021857	494769.109117	0
232504.956663	0.003385	232504.960049	1
t = 83.000000	N = 8
244878.426200	0.012043	244878.438242	0
520835.289758	0.013291	520835.303049	1
t = 83.100000	N = 8
474901.063248	0.008957	474901.072205	0
205198.817119	0.009453	205198.826571	1
t = 83.200000	N = 8
544482.216411	0.020467	544482.236877	0
281901.132800	0.013093	281901.145893	1
t = 83.300000	N = 8
352582.590947	0.012848	352582.603794	0
111090.340667	0.016091	111090.356758	1
t = 83.400000	N = 8
319265.442166	0.013274	319265.455441	0
412897.100385	0.013362	412897.113747	1
t = 83.500000	N = 8
316424.631537	0.005526	316424.637064	0
777888.466207	0.013667	777888.479874	1
t = 83.600000	N = 8
533366.654844	0.027086	533366.681930	0
207227.844238	0.021940	207227.866178	1
t = 83.700000	N = 8
469504.515875	0.012460	469504.528335	0
371922.179457	0.012778	371922.192234	1
t = 83.800000	N = 8
371832.982036	0.013636	371832.995673	0
185857.091516	0.004506	185857.096022	1
t = 83.900000	N = 8
326617.191073	0.009299	326617.200371	0
383190.842464	0.024543	383190.867007	1
t = 84.000000	N = 8
320243.521477	0.022315	320243.543793	0
159685.972616	0.007088	159685.979704	1
t = 84.100000	N = 8
282913.389406	0.017735	282913.407141	0
454896.324984	0.015237	454896.340222	1
t = 84.200000	N = 8
321385.904687	0.023612	321385.928299	0
282291.791896	0.023107	282291.815003	1
t = 84.300000	N = 8
380974.592501	0.027318	380974.619819	0
377636.463505	0.013423	377636.476929	1
t = 84.400000	N = 8
389116.774016	0.009215	389116.783230	0
225136.389516	0.011983	225136.401499	1
t = 84.500000	N = 8
871801.887042	0.008400	871801.895441	0
396685.791372	0.012452	396685.803825	1
t = 84.600000	N = 8
318365.454765	0.010295	318365.465061	0
415371.821067	0.010141	415371.831209	1
t = 84.700000	N = 8
562287.287436	0.008467	562287.295903	0
516405.675012	0.017445	516405.692457	1
t = 84.800000	N = 8
297628.140658	0.008380	297628.149038	0
730304.840780	0.019977	730304.860757	1
t = 84.900000	N = 8
598609.270001	0.022215	598609.292216	0
393959.945462	0.033711	393959.979173	1
t = 85.000000	N = 8
340176.544569	0.009169	340176.553739	0
298545.704777	0.005164	298545.709941	1
t = 85.100000	N = 8
397995.293574	0.003224	397995.296799	0
632066.902253	0.005335	632066.907588	1
t = 85.200000	N = 8
213348.348972	0.017424	213348.366396	0
615057.380624	0.025291	615057.405915	1
t = 85.300000	N = 8
358223.389003	0.009053	358223.398056	0
284693.229023	0.008182	284693.237205	1
t = 85.400000	N = 8
523720.751966	0.012655	523720.764621	0
373892.889359	0.004735	373892.894093	1
t = 85.500000	N = 8
657133.867888	0.019721	657133.887608	0
199734.628878	0.016788	199734.645665	1
t = 85.600000	N = 8
552987.370174	0.008139	552987.378314	0
403051.838260	0.025650	403051.863910	1
t = 85.700000	N = 8
422109.843692	0.012427	422109.856120	0
348937.375989	0.026797	348937.402787	1
t = 85.800000	N = 8
329025.715817	0.003136	329025.718953	0
1020858.692208	0.014360	1020858.706568	1
t = 85.900000	N = 8
318969.672361	0.013419	318969.685780	0
452664.780145	0.034338	452664.814483	1
t = 86.000000	N = 8
321717.593626	0.013209	321717.606835	0
259567.154903	0.010615	259567.165519	1
t = 86.100000	N = 8
791042.032122	0.003033	791042.035155	0
425696.788409	0.014753	425696.803161	1
t = 86.200000	N = 8
370950.889851	0.029090	370950.918941	0
247237.879633	0.005770	247237.885404	1
t = 86.300000	N = 8
140880.922037	0.012078	140880.934115	0
327205.270884	0.008187	327205.279071	1
t = 86.400000	N = 8
916465.228738	0.015065	916465.243803	0
1048420.523830	0.012479	1048420.536309	1
t = 86.500000	N = 8
437927.306595	0.016187	437927.322782	0
439892.818912	0.011908	439892.830821	1
t = 86.600000	N = 8
451955.886557	0.012872	451955.899429	0
550635.872452	0.007083	550635.879535	1
t = 86.700000	N = 8
158261.553728	0.024910	158261.578638	0
153997.601701	0.013455	153997.615157	1
t = 86.800000	N = 8
92567.011330	0.016253	92567.027583	0
230877.155661	0.004347	230877.160008	1
t = 86.900000	N = 8
658445.368594	0.015260	658445.383855	0
760156.951817	0.015648	760156.967466	1
t = 87.000000	N = 8
321611.973284	0.023058	321611.996342	0
440428.232967	0.011252	440428.244219	1
t = 87.100000	N = 8
920384.998006	0.018403	920385.016410	0
121791.687161	0.003788	121791.690948	1
t = 87.200000	N = 8
589099.844322	0.020828	589099.865150	0
740457.693631	0.010027	740457.703658	1
t = 87.300000	N = 8
560805.293005	0.010682	560805.303687	0
319198.451351	0.010022	319198.461373	1
t = 87.400000	N = 8
291345.078880	0.009623	291345.088504	0
482589.206035	0.013068	482589.219103	1
t = 87.500000	N = 8
820197.781828	0.031647	820197.813475	0
251870.771171	0.010533	251870.781705	1
t = 87.600000	N = 8
257423.156541	0.011486	257423.168026	0
554477.314266	0.015151	554477.329417	1
t = 87.700000	N = 8
703062.420671	0.012182	703062.432853	0
362414.777281	0.006742	362414.784023	1
t = 87.800000	N = 8
430704.170670	0.012857	430704.183527	0
426828.665437	0.014185	426828.679621	1
t = 87.900000	N = 8
308453.028105	0.013495	308453.041601	0
889356.636991	0.059995	889356.696986	1
t = 88.000000	N = 8
300272.840575	0.017765	300272.858340	0
401843.588720	0.021349	401843.610069	1
t = 88.100000	N = 8
835778.534030	0.017216	835778.551247	0
613466.806111	0.011474	613466.817585	1
t = 88.200000	N = 8
345535.204697	0.003145	345535.207842	0
667857.597699	0.011108	667857.608807	1
t = 88.300000	N = 8
362561.181283	0.016467	362561.197750	0
417590.401905	0.034526	417590.436431	1
t = 88.400000	N = 8
212194.314559	0.022185	212194.336744	0
273218.915340	0.010795	273218.926135	1
t = 88.500000	N = 8
354969.268709	0.003419	354969.272128	0
492400.295241	0.017514	492400.312755	1
t = 88.600000	N = 8
283533.530136	0.006236	283533.536372	0
419081.714188	0.018884	419081.733072	1
t = 88.700000	N = 8
472710.904011	0.005547	472710.909558	0
406969.544054	0.014817	406969.558871	1
t = 88.800000	N = 8
200176.152197	0.015271	200176.167469	0
674876.245715	0.020540	674876.266255	1
t = 88.900000	N = 8
275455.924784	0.012484	275455.937267	0
84136.801846	0.017613	84136.819459	1
t = 89.000000	N = 8
515529.664748	0.013644	515529.678392	0
657082.033793	0.018566	657082.052359	1
t = 89.100000	N = 8
411018.365710	0.026532	411018.392242	0
414024.475631	0.016568	414024.492199	1
t = 89.200000	N = 8
366403.874183	0.009549	366403.883731	0
299880.319753	0.019116	299880.338869	1
t = 89.300000	N = 8
366572.955857	0.008515	366572.964372	0
330193.380781	0.023155	330193.403936	1
t = 89.400000	N = 8
443309.967102	0.038387	443310.005489	0
564100.406232	0.004737	564100.410969	1
t = 89.500000	N = 8
314919.510656	0.019748	314919.530404	0
628267.525749	0.015623	628267.541372	1
t = 89.600000	N = 8
168289.872931	0.014083	168289.887014	0
260608.820120	0.010684	260608.830804	1
t = 89.700000	N = 8
239610.476467	0.063413	239610.539880	0
693173.977923	0.036990	693174.014913	1
t = 89.800000	N = 8
590411.949859	0.003271	590411.953129	0
238749.025568	0.005983	238749.031552	1
t = 89.900000	N = 8
684531.155908	0.024597	684531.180505	0
377174.553594	0.006026	377174.559619	1
t = 90.000000	N = 8
498929.566064	0.010226	498929.576290	0
133480.537497	0.018700	133480.556197	1
t = 90.100000	N = 8
504711.910509	0.031718	504711.942228	0
257683.946693	0.031078	257683.977771	1
t = 90.200000	N = 8
224057.545786	0.011471	224057.557257	0
346283.491264	0.012108	346283.503372	1
t = 90.300000	N = 8
372599.151610	0.009889	372599.161499	0
173220.857809	0.016964	173220.874774	1
t = 90.400000	N = 8
339544.220231	0.011036	339544.231267	0
489764.095229	0.034815	489764.130044	1
t = 90.500000	N = 8
435637.353633	0.016015	435637.369649	0
594460.158691	0.011564	594460.170255	1
t = 90.600000	N = 8
446690.562200	0.022405	446690.584605	0
315051.805251	0.012662	315051.817913	1
t = 90.700000	N = 8
455288.357125	0.011829	455288.368955	0
425063.818139	0.012874	425063.831014	1
t = 90.800000	N = 8
484529.556306	0.002194	484529.558500	0
312025.404373	0.008030	312025.412403	1
t = 90.900000	N = 8
567867.007376	0.015902	567867.023278	0
210377.004190	0.016684	210377.020874	1
t = 91.000000	N = 8
985107.448906	0.017074	985107.465980	0
279149.021395	0.002123	279149.023518	1
t = 91.100000	N = 8
259581.864132	0.002695	259581.866826	0
449450.213568	0.010759	449450.224327	1
t = 91.200000	N = 8
255370.125004	0.021244	255370.146249	0
776484.158732	0.015377	776484.174109	1
t = 91.300000	N = 8
709059.419172	0.005587	709059.424758	0
564811.686293	0.017224	564811.703518	1
t = 91.400000	N = 8
237461.150105	0.011439	237461.161544	0
985920.860833	0.004279	985920.865112	1
t = 91.500000	N = 8
727030.712554	0.006070	727030.718624	0
136510.397027	0.009519	136510.406546	1
t = 91.600000	N = 8
162166.878749	0.009147	162166.887896	0
506612.570311	0.007603	506612.577914	1
t = 91.700000	N = 8
890369.314005	0.012585	890369.326590	0
422341.674041	0.018407	422341.692448	1
t = 91.800000	N = 8
559900.603758	0.009336	559900.613093	0
226548.804997	0.024583	226548.829580	1
t = 91.900000	N = 8
636653.426394	0.020083	636653.446477	0
269489.388701	0.015986	269489.404686	1
t = 92.000000	N = 8
534987.779434	0.011146	534987.790579	0
427266.953490	0.009585	427266.963075	1
t = 92.100000	N = 8
265497.063643	0.017366	265497.081009	0
778746.317492	0.013324	778746.330816	1
t = 92.200000	N = 8
375413.252549	0.009524	375413.262073	0
222139.389934	0.010154	222139.400088	1
t = 92.300000	N = 8
552807.270368	0.004951	552807.275319	0
362477.928262	0.014154	362477.942416	1
t = 92.400000	N = 8
308093.552234	0.008013	308093.560247	0
280744.414426	0.009905	280744.424332	1
t = 92.500000	N = 8
249949.103278	0.003992	249949.107269	0
637049.872079	0.028839	637049.900918	1
t = 92.600000	N = 8
358973.252663	0.015290	358973.267953	0
322928.486133	0.015857	322928.501990	1
t = 92.700000	N = 8
531749.145642	0.016579	531749.162220	0
443897.345352	0.023078	443897.368430	1
t = 92.800000	N = 8
569700.680052	0.011700	569700.691752	0
325646.199045	0.015108	325646.214152	1
t = 92.900000	N = 8
581429.129390	0.021833	581429.151223	0
390814.606279	0.011068	390814.617347	1
t = 93.000000	N = 8
328347.264067	0.017400	328347.281467	0
277051.838240	0.022442	277051.860681	1
t = 93.100000	N = 8
219881.220309	0.013348	219881.233657	0
575803.040002	0.011819	575803.051820	1
t = 93.200000	N = 8
358698.838903	0.013615	358698.852518	0
403143.769169	0.017889	403143.787058	1
t = 93.300000	N = 8
527326.682088	0.011309	527326.693397	0
501955.549610	0.006430	501955.556040	1
t = 93.400000	N = 8
612496.049042	0.015907	612496.064949	0
217994.302859	0.019095	217994.321954	1
t = 93.500000	N = 8
348635.165756	0.014192	348635.179948	0
234843.754888	0.017439	234843.772327	1
t = 93.600000	N = 8
149107.229469	0.015822	149107.245291	0
224378.796567	0.010568	224378.807134	1
t = 93.700000	N = 8
487933.418066	0.027200	487933.445267	0
608749.261678	0.004619	608749.266298	1
t = 93.800000	N = 8
136750.352140	0.019882	136750.372022	0
407829.324816	0.011129	407829.335945	1
t = 93.900000	N = 8
173008.524357	0.006753	173008.531110	0
453796.824426	0.006142	453796.830568	1
t = 94.000000	N = 8
310897.937974	0.004394	310897.942368	0
847810.724598	0.006218	847810.730816	1
t = 94.100000	N = 8
453560.569265	0.022492	453560.591757	0
650348.482248	0.013390	650348.495639	1
t = 94.200000	N = 8
645794.477891	0.019152	645794.497044	0
142437.329450	0.005928	142437.335377	1
t = 94.300000	N = 8
209233.404557	0.006253	209233.410811	0
281546.729731	0.007583	281546.737315	1
t = 94.400000	N = 8
389468.517733	0.006121	389468.523855	0
826915.671793	0.008729	826915.680522	1
t = 94.500000	N = 8
381592.219058	0.015683	381592.234741	0
250215.193351	0.017497	250215.210848	1
t = 94.600000	N = 8
208771.853250	0.016264	208771.869514	0
348931.231571	0.016792	348931.248363	1
t = 94.700000	N = 8
288699.522942	0.007756	288699.530698	0
228802.849441	0.007961	228802.857402	1
t = 94.800000	N = 8
343175.264100	0.017545	343175.281645	0
284982.828185	0.015719	284982.843904	1
t = 94.900000	N = 8
285296.186572	0.010146	285296.196718	0
391505.412257	0.008712	391505.420969	1
t = 95.000000	N = 8
679161.737744	0.025284	679161.763028	0
744452.697261	0.005113	744452.702374	1
t = 95.100000	N = 8
398498.143631	0.019299	398498.162931	0
302157.215993	0.020520	302157.236513	1
t = 95.200000	N = 8
541021.077190	0.006106	541021.083295	0
589401.520338	0.008719	589401.529057	1
t = 95.300000	N = 8
199915.812230	0.031850	199915.844080	0
349743.671847	0.017744	349743.689591	1
t = 95.400000	N = 8
184228.110407	0.035205	184228.145612	0
388929.291347	0.003803	388929.295150	1
t = 95.500000	N = 8
508421.114945	0.010544	508421.125490	0
379667.843578	0.010117	379667.853696	1
t = 95.600000	N = 8
267001.637053	0.016532	267001.653584	0
467712.094850	0.001595	467712.096445	1
t = 95.700000	N = 8
624819.813450	0.016054	624819.829504	0
385707.554480	0.009321	385707.563801	1
t = 95.800000	N = 8
375804.088747	0.020581	375804.109327	0
707048.823599	0.007564	707048.831163	1
t = 95.900000	N = 8
556117.934179	0.007314	556117.941492	0
274747.094746	0.026146	274747.120892	1
t = 96.000000	N = 8
258544.642318	0.018338	258544.660656	0
485327.508318	0.003254	485327.511572	1
t = 96.100000	N = 8
345575.549661	0.006920	345575.556581	0
443707.943686	0.009303	443707.952989	1
t = 96.200000	N = 8
587520.537931	0.005575	587520.543506	0
566037.530112	0.023404	566037.553516	1
t = 96.300000	N = 8
809304.112567	0.004959	809304.117526	0
185164.596787	0.024074	185164.620862	1
t = 96.400000	N = 8
589873.823746	0.016306	589873.840052	0
214913.121352	0.011658	214913.133010	1
t = 96.500000	N = 8
308082.878648	0.018859	308082.897506	0
474793.933440	0.014579	474793.948019	1
t = 96.600000	N = 8
462179.997562	0.011496	462180.009058	0
567459.029828	0.014925	567459.044753	1
t = 96.700000	N = 8
306950.081749	0.015991	306950.097740	0
167299.877310	0.029261	167299.906571	1
t = 96.800000	N = 8
331737.459224	0.012706	331737.471930	0
365441.828955	0.016432	365441.845387	1
t = 96.900000	N = 8
465306.408783	0.007993	465306.416776	0
408856.994184	0.016030	408857.010215	1
t = 97.000000	N = 8
357363.613591	0.022331	357363.635922	0
638292.235507	0.006215	638292.241722	1
t = 97.100000	N = 8
254162.449333	0.013357	254162.462689	0
608363.163527	0.024709	608363.188236	1
t = 97.200000	N = 8
370431.676107	0.011887	370431.687994	0
319039.832255	0.001943	319039.834197	1
t = 97.300000	N = 8
251555.687579	0.005393	251555.692972	0
247118.143121	0.046581	247118.189702	1
t = 97.400000	N = 8
391194.924735	0.013121	391194.937856	0
773149.624000	0.022811	773149.646811	1
t = 97.500000	N = 8
217270.630179	0.027255	217270.657435	0
188237.289915	0.025619	188237.315534	1
t = 97.600000	N = 8
169234.090876	0.003146	169234.094022	0
299856.853388	0.016045	299856.869433	1
t = 97.700000	N = 8
284580.170892	0.014612	284580.185504	0
403557.171451	0.024516	403557.195966	1
t = 97.800000	N = 8
486535.485699	0.007872	486535.493571	0
499253.503700	0.009321	499253.513021	1
t = 97.900000	N = 8
388646.325169	0.029566	388646.354735	0
384095.469862	0.021816	384095.491678	1
t = 98.000000	N = 8
707081.964069	0.008267	707081.972336	0
429933.362080	0.006343	429933.368422	1
t = 98.100000	N = 8
523945.304601	0.022713	523945.327315	0
787604.054750	0.015365	787604.070115	1
t = 98.200000	N = 8
481550.865419	0.015931	481550.881350	0
262310.472567	0.017596	262310.490162	1
t = 98.300000	N = 8
569046.216927	0.014332	569046.231259	0
552081.816300	0.019299	552081.835599	1
t = 98.400000	N = 8
415896.972159	0.023208	415896.995367	0
495203.338786	0.019792	495203.358578	1
t = 98.500000	N = 8
420586.179779	0.015532	420586.195311	0
253782.595477	0.012116	253782.607592	1
t = 98.600000	N = 8
362028.835366	0.018966	362028.854332	0
231875.799021	0.006339	231875.805361	1
t = 98.700000	N = 8
169591.478184	0.007721	169591.485905	0
584843.211431	0.034180	584843.245611	1
t = 98.800000	N = 8
201963.124449	0.013310	201963.137759	0
371817.327675	0.005982	371817.333657	1
t = 98.900000	N = 8
420141.987368	0.013284	420142.000652	0
470761.418055	0.012215	470761.430269	1
t = 99.000000	N = 8
661375.318243	0.015835	661375.334078	0
442436.176088	0.023846	442436.199934	1
t = 99.100000	N = 8
346644.336206	0.009721	346644.345926	0
285451.527174	0.005886	285451.533060	1
t = 99.200000	N = 8
258818.336342	0.013674	258818.350016	0
512068.155330	0.018067	512068.173397	1
t = 99.300000	N = 8
370148.790212	0.011715	370148.801927	0
851428.402747	0.022673	851428.425420	1
t = 99.400000	N = 8
285759.668429	0.009363	285759.677792	0
444297.428713	0.016195	444297.444908	1
t = 99.500000	N = 8
681050.645361	0.028659	681050.674020	0
853540.433864	0.008589	853540.442453	1
t = 99.600000	N = 8
432342.048663	0.002055	432342.050718	0
322634.696759	0.025209	322634.721968	1
t = 99.700000	N = 8
947163.832832	0.011908	947163.844740	0
664412.328610	0.020850	664412.349460	1
t = 99.800000	N = 8
244360.084162	0.011756	244360.095918	0
436367.877601	0.011171	436367.888772	1
t = 99.900000	N = 8
1017405.407892	0.012551	1017405.420444	0
452151.075619	0.010706	452151.086325	1
