0.25	0	0	41.1651
0.0159256	0.00790735	0.00267571	0.0878257
0.015939	0.0158941	8.06051e-06	0.0951332
0.0124931	0.00473	0.0182055	0.147393
0.0089709	0.00607228	0.00858242	0.110477
0.0114794	0.0183216	0.000302702	0.106859
0.00337371	0.0147649	0.00683319	0.1379
0.00361007	0.005619	0.00594355	0.0871928
0.0411773	0.0155013	0.00114727	0.0917639
0.0270413	0.0107397	0.00641262	0.146599
0.0224261	0.0040522	0.000479504	0.138843
0.0194437	0.0203725	0.00508571	0.144385
0.0302103	0.00227936	0.00399964	0.114001
0.0106979	0.00784608	0.0013387	0.0971038
0.0301847	0.00410153	0.000451065	0.0892989
0.0188938	0.00598374	0.00718917	0.131662
0.00987266	0.0159468	0.000709515	0.0931554
0.023711	0.0137993	0.00856302	0.106732
0.00474589	0.0309779	0.00651334	0.149238
0.0241945	0.0213529	0.0113936	0.0859389
0.00214111	0.0131029	0.0080114	0.153238
0.00812909	0.0151051	0.000118373	0.0935857
0.0145448	0.0117964	0.000660413	0.147299
0.164578	0.0637684	0.000706295	0.348542
0.0169346	0.00684764	0.0142712	0.111332
0.0071664	0.00774887	0.0094493	0.0795681
0.0123356	0.0153577	0.000656108	0.0782241
0.0133644	0.0147461	0.00245465	0.168453
0.0752606	0.0159778	0.0048087	0.0885676
0.0192518	0.0224675	0.00470933	0.132307
0.0235912	0.00382151	0.00313646	0.14291
0.0146731	0.00330425	0.00778134	0.0893903
0.0138074	0.0187968	0.000217149	0.144581
0.00776183	0.0108765	0.00392644	0.127877
0.0120904	0.0170003	0.0023475	0.135397
0.00925887	0.00571829	0.00143723	0.111226
0.0242162	0.00972792	0.00141909	0.119373
0.0297392	0.0111061	0.00221436	0.121394
0.00701384	0.00961573	0.00123161	0.118023
0.00630166	0.00743347	0.00132117	0.108213
0.0115726	0.00124467	0.000592133	0.130842
0.0117986	0.00869157	0.00218343	0.117433
0.00930406	0.0234699	0.00807209	0.10493
0.0153869	0.00788137	0.000467991	0.102013
0.00582783	0.0120187	0.00343625	0.1717
0.0271694	0.00596175	0.00264225	0.127124
0.0123338	0.0063907	0.00305366	0.0735988
0.00777968	0.00788433	0.00387253	0.100845
0.0537334	0.0557013	0.00873394	0.459898
0.0022676	0.0160361	0.0020797	0.11637
0.00737481	0.0268705	0.00241647	0.103803
0.00962351	0.0153062	0.00727852	0.167513
0.0188462	0.00965327	0.00187045	0.136317
0.0440375	0.0106541	4.43284e-05	0.121563
0.014211	0.00950468	0.00113834	0.149586
0.0167611	0.002714	0.0059385	0.13217
0.0354572	0.0133861	0.0112971	0.125916
0.0122696	0.0200288	0.00913256	0.105764
0.0215594	0.00748005	0.00137784	0.0960306
0.0228693	0.00787831	0.0028283	0.0921351
0.0197683	0.0096546	0.00350572	0.120983
0.0315146	0.00698357	0.00269937	0.118405
0.0147706	0.0134588	0.00489708	0.0994664
0.0246453	0.0078352	0.014276	0.100361
0.018311	0.00977015	0.000372327	0.106798
0.00401902	0.0221412	0.0039697	0.11676
0.00730502	0.00627774	0.00762852	0.0829532
0.0141353	0.0165181	0.00921255	0.0929572
0.0169533	0.0138927	0.00257551	0.0833447
0.0106049	0.00609173	0.00079378	0.0916378
0.0303411	0.0177507	0.00293765	0.0913746
0.0263547	0.0149863	0.00187413	0.0856717
0.009356	0.00789929	0.00448833	0.0931991
0.0209401	0.0457781	0.0127341	0.315828
0.0373091	0.0104024	0.000278799	0.107158
0.0240466	0.020139	0.00149403	0.0763575
0.0230109	0.00988599	6.98946e-05	0.101591
0.0252672	0.00911726	0.00234863	0.0813167
0.0188099	0.0134015	0.0107354	0.114887
0.00331598	0.00974424	0.00920328	0.0824844
0.0191832	0.0179964	0.00838421	0.118529
0.0307413	0.0188575	0.00344006	0.0941144
0.0213377	0.0286117	0.000987303	0.0855015
0.0165333	0.00489422	0.00730048	0.118268
0.00641269	0.0198494	0.000203535	0.115619
0.00970634	0.00779738	0.0110232	0.0846603
0.0166911	0.00579563	0.000237555	0.11588
0.0326284	0.0245645	0.00254157	0.0946671
0.01902	0.00475046	0.0014782	0.108069
0.00715652	0.00497157	0.000245557	0.116561
0.010005	0.00373604	0.00327743	0.103822
0.00715226	0.00262197	0.0104851	0.0938717
0.0182822	0.0162871	0.000648698	0.0987736
0.005414	0.00571822	0.0112336	0.133176
0.0122231	0.00989499	0.00567144	0.170744
0.013842	0.00642125	0.00263975	0.0995936
0.00916961	0.0301115	0.00360978	0.102755
0.00737678	0.0102821	0.00473444	0.179507
0.00506471	0.0047236	0.00469216	0.0763808
0.0271069	0.0154152	0.00321156	0.13353
0.0145332	0.0152976	0.00274483	0.13045
0.00521024	0.0133921	0.00204171	0.115148
0.00954587	0.00774045	0.00207106	0.104102
0.0067774	0.00792553	0.00394097	0.0915696
0.0134186	0.00316424	0.00220112	0.109531
0.0159957	0.0499416	0.00307557	0.0948991
0.0188084	0.0258654	0.000573193	0.107381
0.0123887	0.025377	0.00618637	0.10685
0.0235746	0.0046202	0.00475073	0.153355
0.02511	0.0194622	0.002602	0.09013
0.0103948	0.00718767	0.0112688	0.102816
0.0226823	0.0107762	0.00158719	0.139943
0.0363154	0.017771	0.0080613	0.147716
0.0226658	0.013642	0.00350228	0.0913068
0.0128142	0.00526047	0.00276907	0.12221
0.0152441	0.0112189	0.00154539	0.0838077
0.0135975	0.00497823	0.00196673	0.101961
0.0144955	0.0108759	0.000961417	0.117324
0.00804526	0.00929258	0.0052803	0.112717
0.00666809	0.00410934	0.00221857	0.141845
0.0104373	0.00793147	0.00658292	0.0815715
0.0128735	0.0146911	0.00290834	0.113513
0.0197138	0.00459651	0.00548551	0.115544
0.0187334	0.00861486	0.000753681	0.159872
0.00754246	0.0104855	0.000901806	0.0794864
0.025883	0.0202383	0.00425064	0.098745
0.0352088	0.0187268	0.00108712	0.0879442
0.0197996	0.00722625	0.00681583	0.156135
0.0139034	0.0133847	0.000474792	0.0995891
0.0144756	0.0122428	0.00224188	0.12373
0.0112618	0.0143812	0.0147682	0.148773
0.0275294	0.0127469	0.0022237	0.144354
0.0202186	0.00477371	0.00927317	0.135515
0.00960849	0.0127546	0.00370953	0.128582
0.0191811	0.0159583	0.0148978	0.145559
0.0226121	0.0120589	0.0101054	0.109003
0.00449895	0.0348258	0.0023461	0.143358
0.00442149	0.00597088	0.00430663	0.0976826
0.018736	0.00353635	0.000274242	0.102933
0.017797	0.0102347	0.000381455	0.113613
0.0128363	0.0144612	0.00251931	0.157611
0.0214705	0.00516872	0.00823707	0.105359
0.0305761	0.00353506	0.00144268	0.158126
0.0190211	0.0159821	0.00585079	0.189568
0.0160309	0.0156877	0.00061208	0.0935725
0.0121349	0.0124382	0.00282374	0.106169
0.0163709	0.01628	0.00633374	0.0905981
0.00335185	0.0186003	0.00717655	0.130469
0.0137291	0.00736853	0.00200298	0.101095
0.0168518	0.0157181	0.000549124	0.101646
0.0123665	0.0134824	0.00744043	0.122121
0.0268574	0.00506739	0.00325771	0.0863784
0.0155646	0.010196	0.0029541	0.0910088
0.0121313	0.0145175	0.00104487	0.107362
0.015989	0.00960965	0.00216027	0.100718
0.00802963	0.0269615	0.00151711	0.109095
0.0159326	0.0114877	0.00189633	0.112183
0.0161987	0.00458707	0.0177192	0.0835126
0.0140976	0.022675	0.0139751	0.0948205
0.0164303	0.00633212	0.00269891	0.107228
0.019431	0.0105598	0.00648496	0.166856
0.006126	0.00553551	0.00174148	0.0915688
0.0140916	0.0121631	0.00117205	0.127167
0.0248763	0.0109185	0.00561022	0.14083
0.00822749	0.00593584	0.000176256	0.141992
0.00113269	0.01713	0.0101622	0.10405
0.0190224	0.00955222	0.00413088	0.119571
0.0207512	0.0110079	0.00999407	0.0713696
0.0182253	0.00798847	0.00524304	0.111244
0.0268308	0.0242313	0.00192551	0.0973338
0.0340534	0.0080455	0.00336099	0.0933552
0.0162498	0.00876838	0.00381601	0.067052
0.0178871	0.0216893	9.96484e-05	0.113952
0.0108655	0.0105743	0.000592208	0.115758
0.00740904	0.0202974	0.00112869	0.12024
0.0234466	0.0158256	0.000650814	0.0875443
0.0267189	0.00982653	0.000446755	0.116452
0.0132185	0.00991897	0.00138034	0.111644
0.0088368	0.0203765	0.0021735	0.112466
0.0392621	0.0154912	0.00493596	0.0748262
0.0253649	0.0195203	0.00800272	0.116184
0.0214552	0.0383236	0.000740021	0.142404
0.0163835	0.0168546	0.00324479	0.107973
0.034456	0.0116573	0.00580876	0.108723
0.0138324	0.00412141	0.00244879	0.0969294
0.02937	0.035439	0.0064551	0.091417
0.0195253	0.011253	0.00863467	0.128902
0.0363456	0.00671088	0.00492334	0.104002
0.0306234	0.00910698	0.000188225	0.122939
0.0141601	0.0244759	0.000113685	0.113115
0.01795	0.016028	0.00653686	0.126754
0.0308688	0.0150433	0.00277604	0.168203
0.0148987	0.0214417	0.0106251	0.0910176
0.031554	0.00684091	0.0079814	0.133511
0.0209132	0.0169553	0.0013463	0.114034
0.0171369	0.0088797	0.00117518	0.118
0.0229088	0.00606893	0.000532569	0.116184
0.0106217	0.0148989	0.013459	0.111582
0.0250835	0.00435865	0.000425515	0.130465
0.00801296	0.0157261	0.00281223	0.102746
0.00765017	0.0102369	0.00659273	0.11417
0.0216297	0.0103309	0.00926307	0.150343
0.00856227	0.00971533	0.00075579	0.109607
0.0113168	0.0130412	0.00416746	0.171803
0.00692821	0.0629529	0.00327436	0.126603
0.0153521	0.0039874	0.00296818	0.105863
0.0117147	0.0218922	0.00100018	0.0954128
0.0137931	0.0242512	0.00299493	0.124139
0.0154833	0.0190027	0.000546985	0.104191
0.0359127	0.0106214	0.00461094	0.148133
0.0105657	0.0233119	0.000772992	0.103836
0.0162508	0.0122771	0.000141916	0.1049
0.0288224	0.00601262	0.0067128	0.134612
0.018568	0.0178009	0.000158634	0.0984665
0.030191	0.00977942	0.000190227	0.0888969
0.0158973	0.0140199	0.00267187	0.125557
0.0360791	0.0145792	0.0113369	0.133966
0.00744493	0.0167042	0.0043774	0.132817
0.00885199	0.00419499	0.00539093	0.111489
0.0150209	0.0100705	0.000411975	0.09718
0.0151625	0.0104353	0.00215395	0.0820325
0.0256252	0.0106908	0.0010479	0.136114
0.0217697	0.0118844	0.00125029	0.110138
0.0109973	0.0121206	0.00622393	0.092489
0.0212563	0.0227865	5.96557e-06	0.0883247
0.0177751	0.0102367	0.00301778	0.127251
0.0140509	0.01343	0.00634412	0.150791
0.00435273	0.0128297	0.00455478	0.08977
0.0293812	0.012808	0.00213565	0.0869228
0.00656091	0.022761	0.00084944	0.075502
0.0162164	0.0121402	0.0020542	0.114781
0.00771289	0.00913691	0.00797157	0.114609
0.0330598	0.00519723	0.00909654	0.10553
0.00472277	0.00164142	0.000492606	0.153372
0.0113881	0.0271737	0.000528168	0.117574
0.0277691	0.00202433	0.00357251	0.122415
0.00458094	0.0199441	0.000573213	0.0796145
0.012719	0.0212209	0.0066422	0.121173
0.0268843	0.024242	0.0132908	0.120295
0.0161475	0.0102877	0.00186522	0.0993233
0.0298058	0.00387041	0.0133952	0.121278
0.0234783	0.0140225	0.000972875	0.0925384
0.020769	0.0153875	0.00201373	0.14124
0.0180223	0.00977567	0.00673148	0.114784
0.0156342	0.0096502	4.26428e-05	0.089356
0.0404026	0.00448675	0.00061199	0.0878946
0.0125054	0.0110606	0.0044547	0.0977962
0.0106419	0.00618948	0.00525573	0.103146
0.00781436	0.00627701	0.00613098	0.0858169
0.0122641	0.0205125	0.0085554	0.126931
0.00651067	0.00294628	0.000583741	0.146432
0.0298525	0.0159826	0.011411	0.122452
0.00716821	0.00797647	0.00989178	0.088945
0.0160583	0.00195978	0.00572941	0.123749
0.00498278	0.00844473	0.00600342	0.096966
0.00914782	0.0268131	0.00630286	0.110103
0.0241583	0.0125528	0.00874475	0.195063
0.013502	0.00853002	0.00792037	0.0798377
0.0143982	0.0217849	0.00917631	0.123395
0.0399865	0.0117438	0.0231575	0.0895289
0.0122753	0.00674604	0.00220298	0.110519
0.0232982	0.0117873	0.00759619	0.121966
0.0231118	0.0151283	0.00671459	0.130494
0.0273375	0.0168569	0.000916797	0.11605
0.025232	0.00891711	0.00544259	0.117571
0.0117014	0.00942713	0.00431994	0.0973523
0.0226224	0.016613	0.00433361	0.0918539
0.0189124	0.0223245	0.00206974	0.111582
0.0100115	0.0142807	0.00181041	0.0766098
0.0155038	0.00513217	0.0172924	0.124241
0.035612	0.00395744	0.0103465	0.0791722
0.0087122	0.0106907	0.00653064	0.122631
0.0124275	0.0122803	0.00301536	0.116622
0.0184765	0.010475	8.53306e-05	0.101126
0.0196634	0.0162989	0.00233817	0.12279
0.00819598	0.00889438	0.000365543	0.141972
0.0377901	0.0114351	0.00666197	0.0905683
0.00877109	0.00507513	0.00437037	0.117571
0.00990345	0.00643475	0.00431771	0.143666
0.0322106	0.0110831	0.00547648	0.130147
0.00882337	0.00887262	0.00450527	0.127437
0.00914902	0.0107325	0.00673395	0.146158
0.0326896	0.013981	0.00283854	0.0915609
0.0110388	0.014616	0.00959496	0.0849753
0.0183271	0.0109637	0.00165123	0.0859775
0.00865562	0.014043	0.00331226	0.104563
0.00942889	0.00154333	0.00295736	0.154523
0.00630328	0.00613248	0.00692797	0.114881
0.0266026	0.0142002	0.00386638	0.0958902
0.00841268	0.0112581	0.0117351	0.138563
0.0163115	0.0326146	0.00393408	0.112434
0.0259674	0.00762692	0.000512346	0.125947
0.0194206	0.00159013	0.00183356	0.140309
0.0241484	0.00739961	0.00209411	0.0583048
0.0129162	0.00759569	0.00926536	0.0983462
0.0145146	0.0227633	0.00378199	0.173494
0.0162595	0.0269835	0.00941997	0.194883
0.0176897	0.0231333	0.00166004	0.127428
0.0237776	0.0287407	0.00179698	0.120222
0.0238516	0.00729354	0.00438819	0.0992505
0.00427591	0.0123493	0.00733574	0.12466
0.0170627	0.0115583	0.000909931	0.112983
0.0304015	0.0197699	0.0127081	0.0935386
0.0104083	0.00338429	0.00197424	0.0954358
0.0194469	0.00901188	0.00184093	0.141072
0.0108778	0.0029865	0.00410114	0.0759218
0.0294685	0.0120827	0.00130802	0.119584
0.0196229	0.0283014	0.00206212	0.156128
0.0256681	0.0383785	0.0052712	0.124649
0.0341678	0.058986	0.000583242	0.116491
0.0371532	0.00449053	0.00333652	0.0973892
0.0129986	0.0108941	0.00318607	0.123098
0.0164043	0.0046883	0.000392285	0.120677
0.0174264	0.00589403	0.00573633	0.087388
0.0194941	0.00700109	0.00217791	0.100968
0.0212012	0.00316775	0.0116141	0.1117
0.0219104	0.0111245	0.00111913	0.103482
0.0147085	0.00830296	0.00924765	0.101584
0.010389	0.0100318	0.00520607	0.11075
0.0117273	0.00650978	0.00245509	0.166785
0.0376605	0.237245	0.00314326	0.120674
0.0102007	0.00866771	0.00181008	0.0863791
0.00967892	0.062227	0.00170382	0.0627037
0.00909219	0.00756111	0.000349743	0.125853
0.023367	0.00516277	0.00209591	0.0915547
0.0142744	0.0218183	0.00434002	0.106071
0.00871127	0.00673357	0.000899805	0.108969
0.0184968	0.0157151	0.00105397	0.109045
0.0328436	0.00600902	0.00662291	0.0909156
0.0104333	0.0070627	0.00596611	0.0724984
0.0204323	0.0148533	0.00127368	0.158121
0.0245913	0.00769121	0.000622841	0.0722163
0.00798316	0.00702161	0.0070453	0.146739
0.0120655	0.00652643	0.00175335	0.0917287
0.0136949	0.0100987	0.00484838	0.0863369
0.00943775	0.00733805	0.00028234	0.0935864
0.00727591	0.00626297	0.00524539	0.11742
0.0252736	0.0270697	0.000268018	0.104903
0.012812	0.0106434	0.000634108	0.119641
0.0124817	0.0303501	0.00267577	0.0854042
0.0244814	0.0233079	0.00222569	0.116553
0.0163152	0.00523828	0.0143453	0.106863
0.00382372	0.00801253	0.00464596	0.0890598
0.0203978	0.00451486	0.00196373	0.114047
0.0437494	0.0122853	0.00537228	0.131083
0.0174737	0.00468816	0.000652909	0.0997358
0.0200032	0.00826007	0.00214725	0.144638
0.0205301	0.0167322	0.00274398	0.0899307
0.0729405	0.0182959	0.00710534	0.290276
0.026375	0.00891768	0.0104522	0.122993
0.0160198	0.0130495	0.000478369	0.0983343
0.0337197	0.122578	0.00357524	0.208508
0.0129936	0.00648784	0.00354162	0.12395
0.0155302	0.0300284	0.00255148	0.127185
0.0363517	0.0880646	0.00287031	0.244928
0.0141824	0.0134368	0.0033689	0.161834
0.0125019	0.0378451	0.00354465	0.110525
0.0107847	0.00662723	0.00270792	0.120465
0.0118502	0.0211439	0.00322211	0.0882634
0.0373296	0.01073	0.00205671	0.119058
0.0364021	0.0084527	0.00399219	0.128163
0.016295	0.0173225	0.000818314	0.0856334
0.022346	0.00965839	0.000636001	0.130514
0.0263535	0.00117651	0.00230248	0.106383
0.0192731	0.0134973	0.00154233	0.14055
0.0330666	0.00736496	0.000895519	0.0961442
0.0201033	0.0125921	0.00340315	0.115497
0.010895	0.0102009	0.00556556	0.125411
0.0187509	0.0113572	0.000492366	0.108022
0.0348044	0.0112517	0.000632659	0.107519
0.0153881	0.0237218	0.00504524	0.0983277
0.0405953	0.0117647	0.00433873	0.14134
0.0178672	0.00752052	0.00347453	0.112069
0.0120081	0.00601415	0.000455139	0.154137
0.0169986	0.0066004	8.96786e-05	0.129702
0.0145466	0.00876236	0.000457366	0.1086
0.0101661	0.00478702	0.00813016	0.0809012
0.027382	0.00634075	0.00526562	0.115952
0.0153188	0.0188227	0.000603572	0.0858574
0.0194124	0.0061037	0.000566315	0.116607
0.0091795	0.00273749	0.0169854	0.124726
0.0280791	0.00684762	0.00190281	0.110015
0.0215278	0.0201779	0.00230426	0.1367
0.0148059	0.016095	0.00666195	0.0850349
0.00803624	0.00821587	0.00234418	0.0921236
0.0140238	0.0134567	0.00130121	0.103578
0.0204727	0.0132462	0.00170173	0.102642
0.00745983	0.00701799	0.00160021	0.116849
0.0151522	0.00864807	0.000770829	0.0874896
0.0218838	0.00749052	0.00094205	0.121983
0.0186973	0.0287161	0.00457017	0.0700923
0.0330647	0.00913349	0.0133026	0.125544
0.0367659	0.0110701	0.00119338	0.105262
0.013217	0.0228962	0.0107394	0.0962603
0.00984512	0.00675932	0.0256449	0.110522
0.0125105	0.00678473	0.000243363	0.0890474
0.016171	0.00679157	0.000265594	0.0880099
0.0282623	0.012547	0.00218001	0.111417
0.0257981	0.0211931	0.00108244	0.11587
0.0235784	0.00334157	0.00290893	0.0853027
0.0109787	0.00997461	0.0121126	0.0962359
0.00816658	0.0265636	0.000265058	0.13551
0.0256651	0.0124499	0.00501225	0.137601
0.0204101	0.0172242	0.0023872	0.0990524
0.0221256	0.00552045	0.000807406	0.110688
0.0379817	0.0208179	0.00056245	0.128726
0.0167215	0.012123	0.00417383	0.113788
0.0139912	0.00928353	0.0136666	0.138808
0.00857003	0.0170106	0.00517125	0.11653
0.0087605	0.0157476	0.0048807	0.140629
0.00906272	0.00772587	0.0040592	0.121106
0.0124371	0.00260775	0.00447267	0.0914873
0.0285763	0.0184089	0.00365077	0.11019
0.0184954	0.00233897	0.00967025	0.167966
0.0104547	0.0189823	0.00108847	0.110997
0.0250621	0.014527	0.0408291	0.126586
0.0225133	0.0205999	0.0105181	0.0808135
0.0117149	0.0101348	0.000450857	0.0956981
0.0102661	0.00683068	0.00141819	0.0961066
0.0104559	0.0105645	0.00197933	0.0988569
0.0209199	0.00657958	0.00406979	0.107102
0.0135306	0.00223068	0.0586396	0.12315
0.0112253	0.00487323	0.00121084	0.0877859
0.0177027	0.00877363	0.00966254	0.14125
0.0139377	0.0238955	0.00228453	0.135165
0.00815254	0.0202303	0.00104112	0.123073
0.0257626	0.0149755	0.00397965	0.152894
0.0258211	0.00530655	0.00111728	0.129822
0.0214553	0.0172132	0.00756852	0.0983375
0.0101637	0.0059228	0.00114821	0.124954
0.0086362	0.0395094	0.0066222	0.12335
0.0164716	0.00345719	0.0148983	0.0695044
0.0250276	0.0138985	0.00646935	0.0961163
0.0150913	0.0265798	0.00232662	0.137744
0.0104211	0.00552823	0.00074694	0.111218
0.0231784	0.00670292	0.00191445	0.136275
0.0408762	0.0165623	0.00212117	0.106487
0.0122989	0.00982036	0.0027471	0.117535
0.0135101	0.00538155	0.00387099	0.109379
0.0305081	0.00810251	0.00103025	0.107417
0.0122314	0.00816414	0.0037462	0.0700528
0.0132711	0.00401577	0.00471459	0.14413
0.0110869	0.00901345	0.0111688	0.067968
0.0130846	0.0202033	0.00126337	0.126824
0.00940845	0.0169625	0.00685724	0.0727492
0.0320877	0.0209288	0.000250553	0.0962416
0.0303041	0.0179908	0.000186414	0.102325
0.0116928	0.0134702	0.00710662	0.0744188
0.0111138	0.025794	0.00857312	0.100336
0.0211338	0.0170943	0.000281667	0.113953
0.0307261	0.00909028	0.000463925	0.104185
0.00768078	0.00641464	0.0149947	0.135971
0.0172955	0.00897974	0.00269781	0.169758
0.00951551	0.00784797	0.00758136	0.133832
0.005376	0.00487713	0.0110902	0.131262
0.0260996	0.0115624	0.00622864	0.133488
0.0161797	0.00760679	0.00311909	0.0800148
0.02236	0.0161537	0.00285813	0.11054
0.0177964	0.00407901	0.00615867	0.128971
0.0352973	0.0226854	0.000882757	0.131602
0.0103613	0.0107964	0.000377318	0.107103
0.0112146	0.00838513	0.00226455	0.108093
0.0295998	0.00700567	0.00330568	0.087589
0.019384	0.00520413	0.00266152	0.0856288
0.00956545	0.0241475	0.0064987	0.0697063
0.0217365	0.0158249	0.00285276	0.0864277
0.00703565	0.00350866	0.00243202	0.109659
0.0126752	0.0317201	0.000581006	0.0961131
0.0171435	0.0100695	0.0111761	0.108265
0.0192157	0.00430253	0.00635599	0.137743
0.0257538	0.00645268	0.00155935	0.145356
0.0173446	0.0142452	9.31971e-05	0.112315
0.021545	0.126203	0.0110892	0.104679
0.0237242	0.00681768	0.00192506	0.0968177
0.00741851	0.00653845	0.000361262	0.123262
0.0083897	0.00337173	0.00623954	0.173015
0.0112903	0.00951992	0.00384453	0.117448
0.0056559	0.0153332	0.00184238	0.0946972
0.0149367	0.0238885	0.00795002	0.12906
0.0225955	0.0118665	0.00106733	0.101436
0.0132035	0.00918851	0.00126792	0.0848742
0.010602	0.00314725	0.0155719	0.0994193
0.0303177	0.0114376	0.00452538	0.128992
0.028638	0.0157448	0.00113613	0.0853588
0.018298	0.0147072	0.00272944	0.0894339
0.00880708	0.010747	0.00393428	0.0957604
0.0106707	0.00973536	0.00218957	0.102467
0.0225293	0.00601654	0.00402575	0.100998
0.0132213	0.0148778	0.00274169	0.0824125
0.0239713	0.015249	0.0027817	0.0921804
0.0181477	0.0176965	0.00673939	0.115847
0.0166144	0.0181988	0.000108933	0.115129
0.0311731	0.0109559	0.000435997	0.106266
0.00746793	0.00282094	0.00670162	0.132411
0.0111787	0.0101608	0.0139196	0.107343
0.0114964	0.00694392	0.00369096	0.119791
0.0150276	0.00827769	0.00252374	0.129256
0.013248	0.0189371	0.00503273	0.144134
0.0258227	0.019383	0.00454729	0.124463
0.0440528	0.00943959	0.00195688	0.109044
0.0111249	0.00430913	0.000162538	0.133439
0.013126	0.00329158	0.0129319	0.127113
0.0111462	0.0147495	0.0117369	0.107528
0.0112528	0.0113577	0.00642531	0.120065
0.00555409	0.00350067	0.0308522	0.0825357
0.0174771	0.0193531	0.00718449	0.14002
0.0122397	0.00659148	0.00257364	0.140763
0.0110833	0.0211541	0.0018355	0.132546
0.0266527	0.00844703	0.0143182	0.0912903
0.0377966	0.0129473	0.0038063	0.068889
0.0148287	0.00639328	0.00888032	0.110626
0.00557166	0.00362459	0.00163539	0.127175
0.0173436	0.00571741	0.00222048	0.125082
0.0175658	0.00302888	0.00932953	0.0975964
0.00917128	0.00741772	0.000618954	0.107165
0.0236255	0.00917273	0.00115568	0.109331
0.0167369	0.0107624	0.002815	0.0900431
0.0186321	0.00469252	0.00533184	0.114308
0.0200562	0.0245537	0.00305527	0.0814928
0.0120236	0.0217868	0.00337572	0.159526
0.0163899	0.00221277	0.00282523	0.101255
0.0204329	0.0185776	0.00124167	0.115557
0.00892368	0.00351322	0.0200591	0.100864
0.0168744	0.00614629	0.00314725	0.0840662
0.0173896	0.00139127	0.000887867	0.0937806
0.0185009	0.0111957	0.00168845	0.08373
0.0110312	0.00514287	0.0009924	0.136314
0.0279854	0.00567798	0.00169193	0.144663
0.0187158	0.0127865	0.00626533	0.084661
0.0176398	0.0100025	0.00422738	0.124652
0.0135643	0.000721411	0.00139101	0.0934427
0.00896009	0.0025599	0.0022943	0.0685855
0.00811759	0.0106688	2.49581e-05	0.122697
0.0217647	0.00931179	0.00213098	0.117268
0.013226	0.0079651	0.0162605	0.101819
0.00711264	0.0118902	0.00866832	0.146417
0.0236237	0.0057248	0.000670349	0.137359
0.0172887	0.0174463	0.0026842	0.0914882
0.0112187	0.0292133	0.0040356	0.103344
0.0153861	0.0122638	0.00204348	0.0859204
0.0248444	0.00735598	0.000334803	0.078006
0.00804336	0.00844665	0.00193851	0.0918646
0.00901873	0.0118183	0.00516068	0.0701642
0.0136025	0.00680446	0.00746279	0.0701398
0.0159421	0.036149	0.00154049	0.143851
0.0159832	0.00527712	0.00243024	0.117557
0.00460545	0.0192242	0.00484357	0.109924
0.00490384	0.00625494	0.000171455	0.123302
0.0407593	0.00824009	0.000215363	0.0824117
0.0117681	0.00528015	0.00373158	0.136536
0.0217562	0.0141247	0.00225367	0.124979
0.0269665	0.00966575	0.0179597	0.155991
0.0288764	0.0206093	0.00168204	0.118982
0.00748363	0.00560372	0.000503862	0.09956
0.00499032	0.0116973	0.000729273	0.127019
0.00876925	0.00641494	3.08157e-05	0.104902
0.00868285	0.015594	0.00561024	0.167355
0.0207173	0.00433016	0.00222176	0.0927214
0.00984728	0.0220468	0.00608984	0.112034
0.00794875	0.00619959	8.14324e-05	0.107962
0.0265406	0.00992526	0.00109058	0.174757
0.0241469	0.0118004	0.0019555	0.115297
0.0140119	0.0178711	0.000359325	0.106736
0.0203556	0.00805942	0.00217076	0.109778
0.0210003	0.0140221	0.00556941	0.102644
0.0115019	0.00746787	0.0017603	0.0971374
0.0158485	0.00542472	8.8328e-05	0.119511
0.0139942	0.0204042	0.000311232	0.131994
0.0228687	0.0116114	0.0136074	0.120648
0.0187875	0.0141332	0.00236097	0.0990479
0.0146301	0.0253316	0.0184523	0.149321
0.012102	0.0191268	0.00172245	0.151037
0.0158749	0.00739606	0.00121775	0.112523
0.00754783	0.00778498	0.000545831	0.077751
0.0157915	0.0173002	0.00261519	0.117431
0.0149464	0.013531	0.00607731	0.110553
0.0144281	0.00613662	0.00199888	0.100964
0.0109656	0.0101698	0.0037424	0.12431
0.0248204	0.00498354	0.00144039	0.088703
0.0156499	0.00578803	0.000331398	0.107008
0.0114167	0.0905792	0.002407	0.202338
0.0202206	0.0156036	0.00437423	0.0877083
0.0202743	0.00397168	0.00238175	0.109887
0.0256534	0.0147734	0.00144192	0.132572
0.0202827	0.0105793	0.00245589	0.110222
0.00726682	0.00262389	0.00490006	0.10357
0.0170972	0.00776263	0.0296634	0.0783033
0.00958926	0.0173679	0.00345577	0.127159
0.0241111	0.00841406	0.00199272	0.127343
0.0448763	0.234659	0.000812696	0.284213
0.00677142	0.00431677	0.000675612	0.133964
0.024954	0.0201866	9.22517e-05	0.106587
0.0288855	0.00878351	0.00128197	0.110355
0.013772	0.0152241	0.00314392	0.116303
0.0130646	0.00449788	0.00831575	0.0969031
0.0165509	0.0167749	0.00195011	0.0938943
0.0361147	0.0120067	0.00345425	0.0837817
0.0211017	0.0118596	0.00304817	0.142128
0.0134495	0.0079692	0.00261069	0.13459
0.037837	0.0242935	0.00327601	0.127821
0.0166481	0.0240701	0.00205098	0.10943
0.0110777	0.00885637	0.00346406	0.164893
0.0245585	0.0199151	0.00301221	0.0886374
0.00911021	0.0077502	0.0111883	0.0801902
0.0268552	0.0150755	0.000469392	0.133775
0.0202961	0.0148198	0.00051269	0.0812599
0.00857324	0.00708741	0.00388008	0.112741
0.0171595	0.0134384	0.00707372	0.0853084
0.0192097	0.0213904	0.00314287	0.137561
0.0129192	0.0595081	0.0100526	0.0774252
0.0278865	0.0124311	0.00226664	0.0851296
0.0337856	0.00707952	0.00159788	0.0721918
0.0183895	0.0075196	0.00621159	0.254937
0.0139681	0.0123336	0.0207505	0.157242
0.00585244	0.0115377	0.0125594	0.0773854
0.0102436	0.00586979	0.000184325	0.100894
0.00834934	0.00745673	0.00683818	0.111961
0.0174911	0.028822	0.00031314	0.138084
0.00955026	0.0109085	0.00261685	0.132056
0.00861427	0.0185998	0.00391511	0.0968592
0.00809412	0.00678422	0.000879076	0.114617
0.0267629	0.0107296	0.0053553	0.0845191
0.0245919	0.00553897	0.00220614	0.128944
0.0214146	0.0100528	0.00233575	0.109735
0.0034483	0.0285871	0.0117897	0.11034
0.0243521	0.0148229	0.00697966	0.114164
0.0311371	0.00383849	0.00229264	0.127622
0.0223214	0.0137209	0.00146628	0.0939155
0.0249036	0.0151791	0.000522347	0.112443
0.0171463	0.00979746	0.0112889	0.115709
0.0348054	0.0253459	0.00140157	0.263594
0.0131554	0.023225	0.00623118	0.148904
0.0316429	0.00873938	0.00113553	0.14691
0.010709	0.0107188	0.00552185	0.069489
0.0894843	0.0235379	0.00199925	0.208501
0.0156396	0.0116122	0.000730514	0.0773304
0.0115622	0.025076	0.00332252	0.108604
0.0186018	0.00886303	0.00085789	0.114052
0.0236109	0.00496091	0.00450442	0.101599
0.0253647	0.0233731	0.00130406	0.0928502
0.0128525	0.00851244	0.00272993	0.145884
0.012528	0.00278764	0.000962031	0.16564
0.0151003	0.0186988	0.0027885	0.123171
0.0503507	0.0171525	0.00827889	0.165071
0.00465136	0.0170069	1.02989e-05	0.0948624
0.0067203	0.00851739	0.005088	0.0989159
0.02466	0.00714531	0.00177066	0.106474
0.0112896	0.0135042	0.000638356	0.101005
0.0178641	0.0792582	0.00591018	0.185797
0.00687566	0.0215877	0.0192463	0.140328
0.0150994	0.0133407	0.000620043	0.12893
0.0153945	0.00187805	0.00106624	0.0970455
0.036881	0.0151115	0.00592503	0.13916
0.0200255	0.00529481	0.001567	0.120233
0.0183987	0.0185863	0.000872372	0.106502
0.0218409	0.0143719	0.000658102	0.147865
0.00493666	0.0129918	0.00272837	0.121846
0.0119268	0.00800764	0.00214005	0.0973174
0.00620758	0.00840046	0.00163608	0.129646
0.0230464	0.035876	0.000410605	0.111334
0.00613205	0.0293835	0.00234998	0.139878
0.00627579	0.021325	0.00221419	0.142318
0.0137459	0.0147118	0.000339464	0.116432
0.0231279	0.0136533	0.00700628	0.134079
0.0200844	0.00550834	0.0071897	0.12912
0.00538127	0.00807309	0.00542442	0.0693951
0.0143261	0.0309874	0.00340031	0.104843
0.0304771	0.00623038	0.00430935	0.129325
0.0121327	0.00978403	0.00231147	0.115967
0.00713162	0.00638171	0.00353043	0.0942048
0.0114349	0.0186763	0.00609352	0.122997
0.0209559	0.0132045	0.00287013	0.107169
0.0319522	0.0177863	0.00548417	0.121896
0.0131945	0.0196743	0.000557199	0.113474
0.0267842	0.00412841	0.00564147	0.11358
0.0142835	0.0119557	0.000726882	0.0775323
0.0213252	0.0101586	0.00301264	0.141944
0.0331517	0.00631448	0.00158363	0.089854
0.0344229	0.0100694	0.0203926	0.124739
0.0126135	0.0159886	0.000638685	0.119401
0.0311748	0.0013251	0.00154669	0.161367
0.0374219	0.0100105	0.000160152	0.0881596
0.013531	0.00956166	0.00749027	0.0974355
0.00561396	0.0173546	0.000701906	0.113093
0.00933857	0.0102028	0.000316903	0.107064
0.0254492	0.0101578	0.0111374	0.134709
0.0279189	0.00709185	0.00617983	0.120381
0.0173785	0.0219323	0.000431459	0.165088
0.0133374	0.00740462	0.000733868	0.0902441
0.0471262	0.0342414	0.00726447	0.272511
0.0222293	0.014253	0.000432999	0.125116
0.00919939	0.015104	0.000182961	0.113036
0.0123076	0.0193156	0.0072801	0.104514
0.00331446	0.012577	3.62779e-05	0.119285
0.0210798	0.0246527	0.00529971	0.0723975
0.025184	0.0207939	0.00690176	0.105905
0.0672931	0.0432213	9.89003e-05	0.141751
0.0156804	0.0227227	0.0108977	0.129704
0.0160383	0.0454572	0.011362	0.137599
0.0145434	0.00661513	0.00949897	0.126215
0.028284	0.00949744	0.00485307	0.142859
0.04706	0.0154781	0.00150154	0.0814614
0.0112701	0.0128877	0.00263752	0.0972514
0.0401635	0.0419562	0.00132876	0.113889
0.0128738	0.0462905	0.000125	0.118992
0.0190325	0.00921589	0.00439425	0.108842
0.0120475	0.0227394	0.00322611	0.11994
0.0268703	0.00751672	0.00262318	0.0925639
0.0110947	0.00307186	0.00114845	0.144597
0.0218912	0.00521724	0.00322354	0.0934027
0.0101396	0.0051387	0.00299734	0.107803
0.0140847	0.00676981	0.00398191	0.092114
0.0171147	0.0055501	0.0121722	0.0948662
0.0267421	0.00608882	0.00432908	0.106942
0.0122408	0.0138421	0.00424645	0.0813837
0.00584952	0.00397869	0.0015369	0.116168
0.0110772	0.00634454	0.00439172	0.0985097
0.0531832	0.00508825	0.0262146	0.0994749
0.0132813	0.0180518	0.018726	0.119259
0.0215985	0.00826171	0.00364451	0.102425
0.015534	0.0017407	0.00519975	0.123239
0.0291393	0.0145303	0.00412269	0.0755736
0.0191257	0.00844309	0.000169408	0.125352
0.00787139	0.00975936	0.000696911	0.0916113
0.0188905	0.00784749	0.0422314	0.0987305
0.00952943	0.00912767	0.00152003	0.108528
0.0236317	0.0220602	0.00355889	0.147565
0.00874064	0.00698328	0.00625162	0.113837
0.0237308	0.0148243	0.000860417	0.101325
0.0171224	0.0114038	0.00313297	0.120031
0.00646913	0.0179235	0.00309388	0.0767778
0.0188654	0.0170029	0.0156579	0.0881557
0.00956618	0.00521533	0.00409295	0.0981689
0.0166975	0.0121546	0.000535553	0.0820437
0.0152317	0.00393595	0.00341844	0.112648
0.0190515	0.0147467	0.00707186	0.101495
0.0321624	0.0153828	0.000439443	0.120365
0.0210879	0.00907165	0.0006542	0.0943538
0.00636851	0.0158485	0.00169778	0.122407
0.0163063	0.00696593	0.00478636	0.0810003
0.0106194	0.0069838	0.00147356	0.0997131
0.0260132	0.00953909	0.00587375	0.111684
0.011701	0.00763766	0.00949143	0.125351
0.0172018	0.0101872	0.0173599	0.110794
0.01096	0.00670602	0.00613848	0.0923349
0.00786419	0.0205313	0.00149185	0.0900482
0.0313634	0.00773446	0.00139037	0.0933055
0.0259321	0.00177681	0.0110673	0.137964
0.0237056	0.0155506	0.000893452	0.117866
0.00507022	0.00553819	0.00890199	0.0747679
0.0362271	0.324949	0.00153807	0.26216
0.0307149	0.0287764	0.000635239	0.101156
0.132312	0.0170065	0.00608935	0.754946
0.0119817	0.0230448	0.00252472	0.0932574
0.012535	0.0154563	0.00533372	0.121304
0.015866	0.00502112	0.00019506	0.144671
0.0100188	0.018143	0.00940697	0.0967909
0.0291147	0.0187313	0.000662812	0.0813497
0.0389551	0.016312	0.0112097	0.0845238
0.0307413	0.0130248	0.00918278	0.146184
0.0100164	0.0117496	0.00523807	0.0991129
0.0127457	0.0330394	0.00429501	0.116461
0.0112263	0.00820528	0.000295081	0.101041
0.00886422	0.00547101	0.00424856	0.151506
0.012856	0.00459216	0.00111545	0.110121
0.0186207	0.0149471	0.00473027	0.15324
0.0156804	0.00603683	0.000766122	0.115192
0.0134529	0.0223507	0.0171019	0.089829
0.0137869	0.00971761	0.000143304	0.0912278
0.0281186	0.0188655	0.000772439	0.102944
0.0179879	0.0119886	0.00335011	0.0995892
0.0141781	0.0113489	0.000501424	0.0793609
0.0117106	0.011988	7.50565e-05	0.153883
0.0206579	0.00843719	0.000508569	0.0768193
0.0153092	0.00690219	0.0051867	0.0802094
0.0107083	0.00835295	0.000407434	0.139105
0.0168521	0.010896	0.000522668	0.111113
0.00522645	0.00910784	0.000821565	0.0986583
0.00611606	0.00721564	0.00529985	0.146386
0.00952508	0.0146608	0.00662388	0.126233
0.0210037	0.0134515	0.000123187	0.11382
0.00601908	0.00390452	0.000647204	0.0929723
0.00893665	0.0179939	0.00502547	0.106098
0.0140975	0.0114639	0.00604593	0.13699
0.010712	0.0120177	0.00996098	0.0597256
0.0250132	0.00607581	0.0043882	0.129729
0.0129216	0.028289	0.00301612	0.0860207
0.00443478	0.0149172	0.000780122	0.0722438
0.00259331	0.012985	0.00315632	0.138279
0.014581	0.0171419	0.00186228	0.0958369
0.0278093	0.00905867	0.000368198	0.0896297
0.00854826	0.0209679	0.0109804	0.125932
0.0110004	0.0102224	0.00144352	0.0970853
0.0104564	0.00604605	0.00698844	0.101614
0.0279016	0.0232992	0.00333953	0.104031
0.020604	0.00843212	0.00881847	0.122279
0.0116761	0.0316334	0.00880099	0.109977
0.00799646	0.12047	0.000807926	0.170241
0.013436	0.0445602	0.000782585	0.140028
0.011665	0.011454	0.00988695	0.115411
0.0336482	0.00313977	2.53464e-05	0.103423
0.0158797	0.0276599	0.0019748	0.0857682
0.0132994	0.00804404	0.00587235	0.102999
0.00425353	0.0191517	0.000880746	0.145406
0.0161181	0.0046332	0.000127636	0.0948851
0.00689734	0.00858344	0.00151231	0.160932
0.0157643	0.0102451	0.00153336	0.148378
0.0320544	0.00937845	0.00295159	0.113591
0.0123907	0.0147844	0.00408319	0.0813329
0.0181075	0.00483893	0.00827074	0.107524
0.0261639	0.0169328	0.016168	0.0992858
0.0273208	0.0142199	0.00290018	0.0863912
0.0090797	0.0171398	0.00507683	0.071815
0.0119402	0.0137594	0.000991236	0.131905
0.0143514	0.0179046	0.00216595	0.0691544
0.0116151	0.0189988	0.00407825	0.123485
0.0133798	0.00691098	0.00159025	0.0824483
0.0261046	0.0143622	0.00601	0.116276
0.025847	0.0085584	0.000453592	0.117897
0.01682	0.016982	0.0011316	0.130959
0.0285558	0.0558351	0.00513324	0.421563
0.00909641	0.0264031	0.00131579	0.115309
0.0224757	0.0135686	0.00329823	0.127897
0.0261654	0.00816384	0.00653744	0.0785428
0.015823	0.0157087	0.0061091	0.163822
0.0315682	0.00254807	0.000837479	0.10303
0.0051696	0.0110763	0.000480304	0.104592
0.0167672	0.00593669	0.0112454	0.122961
0.0146838	0.012527	0.000888627	0.108349
0.0110992	0.0141435	0.00159039	0.0961579
0.0158689	0.00946459	4.05963e-06	0.118021
0.00675806	0.0116519	9.87179e-05	0.106731
0.0228637	0.0106964	0.00224134	0.0931418
0.0202005	0.00873835	0.00439451	0.114978
0.0217598	0.00487661	0.0110854	0.113953
0.00702041	0.0121727	0.0133213	0.1155
0.0285787	0.0204466	0.00163537	0.0991906
0.0155435	0.00969407	0.00371102	0.11165
0.0105975	0.007545	0.00635238	0.0971051
0.0119847	0.0218564	0.0059806	0.119425
0.00118493	0.0282188	0.0131168	0.103383
0.0202114	0.0127608	0.000395155	0.115011
0.0168635	0.0298554	0.000604117	0.0974763
0.0292464	0.0114951	0.00206116	0.0776287
0.0116852	0.00951229	0.0118951	0.116249
0.015042	0.00580993	0.00133014	0.1234
0.0186919	0.00174471	0.00208507	0.0936429
0.0167571	0.00915431	0.000671258	0.124588
0.0123656	0.0159907	0.0156567	0.0960707
0.0471876	0.00873821	0.00276723	0.11978
0.010795	0.00353831	0.000667365	0.0838588
0.00526578	0.00329354	0.00451432	0.091771
0.0172579	0.0254567	0.00449953	0.134429
0.00619805	0.0110372	0.0158145	0.108085
0.00745767	0.00993187	0.0028095	0.155611
0.0193308	0.0171775	0.00528333	0.0977433
0.0240483	0.00974086	0.0168575	0.115776
0.0175589	0.021666	0.00078722	0.0963615
0.00801179	0.00948335	0.00168189	0.11221
0.0176483	0.0301079	0.00238214	0.0641677
0.0138757	0.00994861	0.00725613	0.0747735
0.00847109	0.00931469	0.00373249	0.103691
0.0280499	0.00681067	0.00947918	0.093903
0.0109151	0.00934968	0.0115734	0.116341
0.0222015	0.00534257	0.00136771	0.120578
0.0108513	0.0172439	0.000882399	0.110573
0.00871664	0.0112379	0.00882998	0.131458
0.0339119	0.00445357	0.00114807	0.109368
0.0115824	0.0090176	0.00155967	0.103196
0.0154562	0.0154521	0.00758295	0.108146
0.0177563	0.0165545	0.00149015	0.103401
0.00721681	0.0149744	0.0112731	0.0837971
0.00788126	0.0229739	0.00700103	0.130496
0.0100037	0.0107006	0.000317198	0.0981038
0.0152581	0.00743337	0.00370368	0.119614
0.0251959	0.0169842	0.00477713	0.0865686
0.021393	0.0052436	0.00250314	0.0809307
0.00912012	0.00980372	0.00388771	0.136786
0.0165212	0.0105201	0.00014292	0.120724
0.056632	0.0168578	0.00928239	0.0938685
0.0127273	0.0263871	0.00232239	0.0835911
0.0167177	0.0119729	0.00823491	0.135281
0.0107403	0.00351294	0.0085426	0.105882
0.0241564	0.0268366	0.00310011	0.106443
0.017759	0.0152214	0.00697351	0.0934376
0.0103675	0.0105658	0.0119844	0.112947
0.0117044	0.0134162	0.00340374	0.105427
0.00971168	0.0106524	0.0161324	0.0622433
0.0234218	0.0123897	0.00111151	0.133658
0.019125	0.010972	0.0139456	0.129868
0.0106096	0.0216008	0.000767778	0.125489
0.0133967	0.0297028	0.000527581	0.128539
0.00618534	0.0224792	0.000670957	0.0884345
0.0258777	0.00579257	0.00183846	0.0950461
0.0343788	0.0087452	0.00381699	0.121745
0.0237936	0.0115776	0.00341796	0.0991744
0.00906136	0.0157058	0.000426679	0.13458
0.0726662	0.0277368	0.00692096	0.0959461
0.00409426	0.00515969	0.00216733	0.0846247
0.0227614	0.00786139	0.00210756	0.113528
0.0250736	0.00385296	0.0132233	0.138134
0.0339517	0.0288451	0.00790669	0.0812506
0.0204636	0.0031155	0.0102591	0.0735177
0.0177883	0.00906475	0.00699554	0.084096
0.0245049	0.0213458	0.00200046	0.108314
0.0206951	0.00688453	0.00260202	0.0829825
0.0151776	0.01989	0.00442617	0.0955992
0.0160425	0.00866121	0.0165543	0.115984
0.00793068	0.00229249	0.00273748	0.100217
0.0144015	0.0181844	0.00652407	0.0868274
0.0129999	0.00619745	0.00499046	0.115182
0.0120284	0.00142472	0.00644916	0.0665406
0.0242407	0.0123806	0.00896914	0.162508
0.00264174	0.020169	0.000168997	0.103499
0.00789822	0.00781978	0.00707419	0.122093
0.009654	0.00593528	0.00897169	0.101054
0.00807481	0.00867558	0.00169536	0.115428
0.0181728	0.0128188	0.0100222	0.141652
0.0133834	0.0205356	0.00157747	0.104287
0.0180421	0.0180264	0.00231317	0.116622
0.0104676	0.010263	0.00209445	0.0868527
0.0215279	0.00916191	0.00259111	0.0804842
0.0123561	0.00732165	0.00733561	0.110665
0.0136556	0.00544998	0.00464661	0.120274
0.0091228	0.00879603	0.0122848	0.114092
0.0220704	0.0107607	0.00298425	0.102943
0.0214782	0.00966858	0.0055375	0.0847529
0.0237266	0.0159304	0.00093239	0.11815
0.0146996	0.0121086	0.0113903	0.128329
0.0275379	0.0053637	0.00601965	0.133423
0.0204687	0.0193733	0.00328797	0.116024
0.0115709	0.0135959	0.000207688	0.116685
0.0129238	0.0185803	0.000468094	0.159819
0.0123293	0.00540877	0.000114409	0.0972538
0.0118229	0.0231789	0.00127175	0.120308
0.0200758	0.0115549	0.00180526	0.117026
0.0201954	0.00619409	0.00290871	0.117477
0.0274306	0.00438925	0.000255329	0.118906
0.021066	0.00994506	0.00198797	0.106163
0.00668584	0.00620932	0.000399487	0.127105
0.00423451	0.00637725	0.0143661	0.11487
0.0124476	0.0234351	0.0113541	0.104329
0.00361646	0.0214634	0.00657771	0.0924938
0.00785892	0.00597762	0.00320022	0.0883871
0.00936844	0.00548213	0.00267505	0.116274
0.0140959	0.0190845	0.00748171	0.0858837
0.0135598	0.019496	0.0017852	0.136877
0.0061342	0.00958317	0.00173831	0.118483
0.0163253	0.0169383	0.00358143	0.121323
0.0132113	0.00564655	0.0148989	0.115975
0.0252099	0.00518672	0.00802433	0.104133
0.0118223	0.0279964	0.0058545	0.119084
0.00619049	0.00863363	0.000551753	0.103194
0.0193808	0.0302134	0.00684127	0.106071
0.0224429	0.016565	0.00846631	0.0963691
0.00974641	0.0109151	0.00657828	0.104759
0.00742206	0.0107044	0.00297654	0.148603
0.0152772	0.0100981	0.000733743	0.126875
0.0151506	0.0129944	0.00466709	0.0958007
0.0188896	0.0145696	0.00452395	0.117026
0.0103437	0.011248	7.52869e-05	0.0917229
0.00732599	0.00889734	0.00387968	0.14177
0.0239135	0.00506573	0.014441	0.158281
0.0169763	0.0120569	0.00421583	0.149454
0.0229154	0.00504888	0.00728379	0.098258
0.0306507	0.00278658	0.00198492	0.131596
0.0127398	0.0136815	0.0105071	0.128229
0.0365708	0.00868093	0.00100994	0.0904537
0.0140805	0.0150576	0.00699779	0.140049
0.0121628	0.0118604	0.000703395	0.0770893
0.0187149	0.00983131	0.00204555	0.0898226
0.0194205	0.0186456	0.0157997	0.118091
0.00440485	0.00942456	0.00262941	0.124589
0.0256453	0.0263284	0.000494433	0.0987744
0.0176211	0.0183108	0.00390099	0.101416
0.0272133	0.0256614	0.00946404	0.124345
0.009962	0.00922874	0.0065013	0.111405
0.0234603	0.0156671	0.000374329	0.0648268
0.00584853	0.0113447	0.000864894	0.096658
0.035588	0.0157944	0.00998948	0.119409
0.0108139	0.00379588	0.00695266	0.12359
0.0195945	0.0184844	0.0101568	0.0982907
0.0234197	0.0101071	0.000686202	0.0942879
0.011771	0.0218609	0.00275592	0.133676
0.0333244	0.00967552	0.000300213	0.0998962
0.0224887	0.00515887	6.66639e-05	0.107812
0.00769937	0.0176057	0.00847166	0.109095
0.0169875	0.0249134	0.000755516	0.103342
0.0159882	0.00330354	0.00257056	0.119314
0.0155426	0.00995637	0.000219927	0.108649
0.0215231	0.0181576	0.00269929	0.057356
0.00805643	0.0075506	0.00070259	0.121551
0.0213188	0.0104219	0.00234831	0.110021
0.0275938	0.00679408	0.000958568	0.0757199
0.0202357	0.00532258	0.00818356	0.0924619
0.0119899	0.0252582	0.00426846	0.11648
0.0244091	0.00285429	0.00955782	0.149338
0.024558	0.00819956	0.00674952	0.0977477
0.00890183	0.0140252	0.00386497	0.124486
0.0196523	0.00360532	0.00584327	0.155034
