0.000000	0.000000	0.500000	0
1.000000	0.000000	0.500000	0
1.998227	0.059522	0.500000	0
2.996084	-0.005914	0.500000	0
3.994514	0.050090	0.500000	0
4.974084	0.251195	0.500000	0
5.969115	0.350761	0.500000	0
6.964708	0.256980	0.500000	0
7.959558	0.155626	0.500000	0
8.948449	0.006983	0.500000	0
9.941536	-0.110396	0.500000	0
10.934902	-0.225398	0.500000	0
11.930960	-0.314100	0.500000	0
12.929388	-0.370147	0.500000	0
13.912176	-0.554886	0.500000	0
14.907514	-0.651329	0.500000	0
15.905667	-0.712083	0.500000	0
16.902419	-0.792607	0.500000	0
17.883831	-0.984524	0.500000	0
18.865266	-1.176319	0.500000	0
19.846630	-1.368477	0.500000	0
32.729361	44.981270	0.500000	1
33.239196	45.841542	0.500000	1
33.751038	46.700621	0.500000	1
34.288955	47.543619	0.500000	1
34.704087	48.453380	0.500000	1
35.148962	49.348973	0.500000	1
35.723132	-49.832291	0.500000	1
36.423874	-49.118876	0.500000	1
37.090509	-48.373492	0.500000	1
37.676277	-47.563013	0.500000	1
38.197067	-46.709329	0.500000	1
38.654098	-45.819878	0.500000	1
39.147817	-44.950256	0.500000	1
39.611747	-44.064384	0.500000	1
40.112477	-43.198780	0.500000	1
40.595079	-42.322941	0.500000	1
41.051405	-41.433128	0.500000	1
41.573254	-40.580090	0.500000	1
42.029312	-39.690140	0.500000	1
42.592631	-38.863901	0.500000	1
43.226079	-38.090115	0.500000	1
5.750820	-6.642533	0.500000	2
4.765880	-6.815432	0.500000	2
3.784139	-7.005656	0.500000	2
2.803669	-7.202324	0.500000	2
1.839156	-7.466360	0.500000	2
0.866989	-7.700648	0.500000	2
-0.068169	-8.054878	0.500000	2
-0.996621	-8.426331	0.500000	2
-1.935964	-8.769312	0.500000	2
-2.882993	-9.090458	0.500000	2
-3.851778	-9.338361	0.500000	2
-4.774626	-9.723524	0.500000	2
-5.614788	-10.265861	0.500000	2
-6.513616	-10.704161	0.500000	2
-7.381022	-11.201763	0.500000	2
-8.319716	-11.546515	0.500000	2
-9.252072	-11.908054	0.500000	2
-10.166772	-12.312190	0.500000	2
-11.076304	-12.727823	0.500000	2
-12.019512	-13.060026	0.500000	2
-12.909308	-13.516383	0.500000	2
16.107739	-7.087634	0.500000	3
17.101003	-7.203512	0.500000	3
18.100850	-7.220998	0.500000	3
19.098514	-7.289313	0.500000	3
20.098469	-7.298826	0.500000	3
21.097494	-7.342953	0.500000	3
22.096326	-7.391278	0.500000	3
23.091592	-7.294092	0.500000	3
24.088865	-7.220293	0.500000	3
25.073327	-7.044695	0.500000	3
26.072279	-6.998911	0.500000	3
27.070714	-7.054827	0.500000	3
28.065101	-7.160637	0.500000	3
29.063986	-7.113442	0.500000	3
30.063300	-7.076387	0.500000	3
31.062826	-7.045625	0.500000	3
32.043119	-6.848074	0.500000	3
33.037750	-6.744586	0.500000	3
34.028841	-6.611399	0.500000	3
34.994320	-6.350919	0.500000	3
35.912793	-5.955437	0.500000	3
-35.514648	0.598381	0.500000	4
-35.335311	-0.385406	0.500000	4
-35.142628	-1.366667	0.500000	4
-34.683476	-2.255025	0.500000	4
-34.335387	-3.192487	0.500000	4
-33.938140	-4.110198	0.500000	4
-33.498708	-5.008474	0.500000	4
-33.082148	-5.917582	0.500000	4
-32.583123	-6.784170	0.500000	4
-32.127501	-7.674343	0.500000	4
-31.732718	-8.593117	0.500000	4
-31.226228	-9.455364	0.500000	4
-30.694323	-10.302168	0.500000	4
-30.090740	-11.099468	0.500000	4
-29.555218	-11.943989	0.500000	4
-28.924938	-12.720357	0.500000	4
-28.293218	-13.495553	0.500000	4
-27.804611	-14.368057	0.500000	4
-27.257297	-15.204985	0.500000	4
-26.700034	-16.035321	0.500000	4
-26.110633	-16.843161	0.500000	4
3.524588	-22.514918	0.500000	5
2.607709	-22.914081	0.500000	5
1.697113	-23.327379	0.500000	5
0.777099	-23.719265	0.500000	5
-0.140662	-24.116397	0.500000	5
-1.063021	-24.502732	0.500000	5
-2.018527	-24.797705	0.500000	5
-2.994561	-25.015319	0.500000	5
-3.958508	-25.281413	0.500000	5
-4.950403	-25.408476	0.500000	5
-5.921693	-25.646374	0.500000	5
-6.876752	-25.942792	0.500000	5
-7.854579	-26.152205	0.500000	5
-8.843935	-26.297716	0.500000	5
-9.836846	-26.416579	0.500000	5
-10.835811	-26.462068	0.500000	5
-11.833444	-26.393301	0.500000	5
-12.833240	-26.373112	0.500000	5
-13.829953	-26.454127	0.500000	5
-14.825280	-26.550690	0.500000	5
-15.807124	-26.740379	0.500000	5
-36.019127	20.511130	0.500000	6
-35.027703	20.380443	0.500000	6
-34.029733	20.316761	0.500000	6
-33.029874	20.299981	0.500000	6
-32.037333	20.178068	0.500000	6
-31.076707	19.900223	0.500000	6
-30.081721	19.800205	0.500000	6
-29.085385	19.714678	0.500000	6
-28.097703	19.558208	0.500000	6
-27.103870	19.447317	0.500000	6
-26.113194	19.311081	0.500000	6
-25.134232	19.107038	0.500000	6
-24.166499	18.855059	0.500000	6
-23.201630	18.592328	0.500000	6
-22.213779	18.436925	0.500000	6
-21.221900	18.309741	0.500000	6
-20.263117	18.025601	0.500000	6
-19.318975	17.696062	0.500000	6
-18.392125	17.320630	0.500000	6
-17.434411	17.032908	0.500000	6
-16.513306	16.643593	0.500000	6
32.809762	-16.409230	0.500000	7
31.919326	-16.864339	0.500000	7
31.053914	-17.365400	0.500000	7
30.199228	-17.884546	0.500000	7
29.324599	-18.369339	0.500000	7
28.409705	-18.773033	0.500000	7
27.519585	-19.228759	0.500000	7
26.595743	-19.611532	0.500000	7
25.644503	-19.919986	0.500000	7
24.721926	-20.305799	0.500000	7
23.836698	-20.770955	0.500000	7
22.943621	-21.220860	0.500000	7
22.068801	-21.705307	0.500000	7
21.135270	-22.063805	0.500000	7
20.203920	-22.427930	0.500000	7
19.275067	-22.798379	0.500000	7
18.366022	-23.215077	0.500000	7
17.487323	-23.692452	0.500000	7
16.695795	-24.303585	0.500000	7
15.976140	-24.997918	0.500000	7
15.368817	-25.792372	0.500000	7
0.326073	9.061986	0.500000	8
-0.550062	9.544053	0.500000	8
-1.484856	9.899243	0.500000	8
-2.442024	10.188777	0.500000	8
-3.382247	10.529337	0.500000	8
-4.366299	10.707213	0.500000	8
-5.346136	10.907012	0.500000	8
-6.314985	11.154666	0.500000	8
-7.248239	11.513884	0.500000	8
-8.174985	11.889571	0.500000	8
-9.074321	12.326830	0.500000	8
-9.995780	12.715306	0.500000	8
-10.934536	13.059888	0.500000	8
-11.885232	13.370012	0.500000	8
-12.802144	13.769102	0.500000	8
-13.788314	13.934837	0.500000	8
-14.744567	14.227380	0.500000	8
-15.720810	14.444055	0.500000	8
-16.690561	14.688154	0.500000	8
-17.672441	14.877658	0.500000	8
-18.638010	15.137804	0.500000	8
0.266848	-11.169323	0.500000	9
0.328823	-12.167401	0.500000	9
0.393880	-13.165283	0.500000	9
0.432953	-14.164519	0.500000	9
0.392448	-15.163698	0.500000	9
0.063397	-16.108010	0.500000	9
-0.192931	-17.074600	0.500000	9
-0.608376	-17.984218	0.500000	9
-1.078017	-18.867076	0.500000	9
-1.584295	-19.729447	0.500000	9
-2.080300	-20.597766	0.500000	9
-2.490706	-21.509669	0.500000	9
-2.766060	-22.471012	0.500000	9
-3.192652	-23.375456	0.500000	9
-3.563447	-24.304171	0.500000	9
-4.032557	-25.187310	0.500000	9
-4.589810	-26.017653	0.500000	9
-5.203093	-26.807516	0.500000	9
-5.840516	-27.578031	0.500000	9
-6.499154	-28.330491	0.500000	9
-7.201839	-29.041992	0.500000	9
40.571566	0.394239	0.500000	10
40.955825	-0.528986	0.500000	10
41.404813	-1.422523	0.500000	10
41.825271	-2.329835	0.500000	10
42.188543	-3.261519	0.500000	10
42.321639	-4.252622	0.500000	10
42.616821	-5.208063	0.500000	10
42.883503	-6.171847	0.500000	10
43.121323	-7.143157	0.500000	10
43.485674	-8.074418	0.500000	10
43.840204	-9.009463	0.500000	10
44.240050	-9.926045	0.500000	10
44.687093	-10.820558	0.500000	10
45.189943	-11.684931	0.500000	10
45.759059	-12.507188	0.500000	10
46.255314	-13.375366	0.500000	10
46.880205	-14.156077	0.500000	10
47.429797	-14.991510	0.500000	10
48.066696	-15.762458	0.500000	10
48.613534	-16.599696	0.500000	10
49.269331	-17.354633	0.500000	10
13.014670	-7.991411	0.500000	11
12.802902	-7.014091	0.500000	11
12.483574	-6.066447	0.500000	11
12.266520	-5.090287	0.500000	11
12.056296	-4.112634	0.500000	11
11.849295	-3.134293	0.500000	11
11.782004	-2.136559	0.500000	11
11.803869	-1.136799	0.500000	11
11.886272	-0.140199	0.500000	11
11.845876	0.858984	0.500000	11
11.835711	1.858933	0.500000	11
11.848719	2.858848	0.500000	11
11.648848	3.838670	0.500000	11
11.559944	4.834710	0.500000	11
11.546774	5.834624	0.500000	11
11.633848	6.830825	0.500000	11
11.843603	7.808579	0.500000	11
12.066312	8.783464	0.500000	11
12.257197	9.765077	0.500000	11
12.334720	10.762067	0.500000	11
12.424365	11.758041	0.500000	11
-1.447811	28.558084	0.500000	12
-0.561173	29.020548	0.500000	12
0.430892	29.146271	0.500000	12
1.403084	29.380459	0.500000	12
2.378444	29.601076	0.500000	12
3.371320	29.720231	0.500000	12
4.339992	29.968576	0.500000	12
5.317831	30.177931	0.500000	12
6.282999	30.439565	0.500000	12
7.213706	30.805330	0.500000	12
8.102777	31.263099	0.500000	12
8.926477	31.830125	0.500000	12
9.813697	32.291471	0.500000	12
10.730730	32.690283	0.500000	12
11.626964	33.133864	0.500000	12
12.499672	33.622107	0.500000	12
13.369521	34.115424	0.500000	12
14.288265	34.510279	0.500000	12
15.251155	34.780174	0.500000	12
16.217246	35.038374	0.500000	12
17.152857	35.391407	0.500000	12
16.296715	-13.122272	0.500000	13
15.297119	-13.093866	0.500000	13
14.311171	-12.926815	0.500000	13
13.336470	-12.703298	0.500000	13
12.349239	-12.544004	0.500000	13
11.362167	-12.383730	0.500000	13
10.397542	-12.120103	0.500000	13
9.425283	-11.886196	0.500000	13
8.449108	-11.669210	0.500000	13
7.485319	-11.402545	0.500000	13
6.501979	-11.220768	0.500000	13
5.509673	-11.096960	0.500000	13
4.514768	-10.996139	0.500000	13
3.516030	-10.945927	0.500000	13
2.521776	-11.052975	0.500000	13
1.531378	-10.914732	0.500000	13
0.531663	-10.938628	0.500000	13
-0.461954	-11.051437	0.500000	13
-1.454098	-11.176531	0.500000	13
-2.444797	-11.312606	0.500000	13
-3.385007	-11.653202	0.500000	13
49.885898	40.220502	0.500000	14
49.879198	39.220525	0.500000	14
49.824962	38.221997	0.500000	14
49.872399	37.223122	0.500000	14
49.856826	36.223244	0.500000	14
49.605863	35.255247	0.500000	14
49.338164	34.291744	0.500000	14
49.045737	33.335457	0.500000	14
48.843142	32.356194	0.500000	14
48.688680	31.368195	0.500000	14
48.673709	30.368307	0.500000	14
48.531182	29.378516	0.500000	14
48.445530	28.382191	0.500000	14
48.342604	27.387502	0.500000	14
48.333408	26.387545	0.500000	14
48.359301	25.387880	0.500000	14
48.200687	24.400539	0.500000	14
47.995532	23.421810	0.500000	14
47.807256	22.439694	0.500000	14
47.658804	21.450774	0.500000	14
47.485234	20.465952	0.500000	14
-0.800842	-49.716861	0.500000	15
-1.402908	49.484692	0.500000	15
-1.833868	48.582322	0.500000	15
-2.176208	47.642745	0.500000	15
-2.592797	46.733651	0.500000	15
-3.000615	45.820587	0.500000	15
-3.259707	44.854734	0.500000	15
-3.425988	43.868656	0.500000	15
-3.633741	42.890475	0.500000	15
-4.059568	41.985670	0.500000	15
-4.547044	41.112534	0.500000	15
-5.007091	40.224639	0.500000	15
-5.377123	39.295620	0.500000	15
-5.857359	38.418481	0.500000	15
-6.250764	37.499116	0.500000	15
-6.607084	36.564752	0.500000	15
-6.996561	35.643715	0.500000	15
-7.397889	34.727781	0.500000	15
-7.809835	33.816573	0.500000	15
-8.295261	32.942295	0.500000	15
-8.789533	32.072988	0.500000	15
-32.730797	33.084626	0.500000	16
-33.188222	32.195378	0.500000	16
-33.621161	31.293954	0.500000	16
-34.124929	30.430115	0.500000	16
-34.662605	29.586963	0.500000	16
-35.254689	28.781088	0.500000	16
-35.949881	28.062264	0.500000	16
-36.656004	27.354174	0.500000	16
-37.214390	26.524593	0.500000	16
-37.768235	25.691973	0.500000	16
-38.490737	25.000604	0.500000	16
-39.221204	24.317657	0.500000	16
-39.954817	23.638089	0.500000	16
-40.762631	23.048651	0.500000	16
-41.472064	22.343878	0.500000	16
-42.270858	21.742273	0.500000	16
-43.012045	21.070975	0.500000	16
-43.670528	20.318379	0.500000	16
-44.242189	19.497889	0.500000	16
-44.835940	18.693240	0.500000	16
-45.385330	17.857674	0.500000	16
48.061343	-30.393875	0.500000	17
48.149206	-31.390008	0.500000	17
48.282888	-32.381032	0.500000	17
48.345797	-33.379051	0.500000	17
48.504632	-34.366357	0.500000	17
48.616861	-35.360039	0.500000	17
48.784538	-36.345881	0.500000	17
49.017677	-37.318324	0.500000	17
49.218319	-38.297989	0.500000	17
49.530250	-39.248094	0.500000	17
49.783000	-40.215625	0.500000	17
49.988621	-41.194257	0.500000	17
-49.921210	-42.190184	0.500000	17
-49.939469	-43.190017	0.500000	17
-49.999251	-44.188228	0.500000	17
49.957012	-45.187271	0.500000	17
49.956980	-46.187271	0.500000	17
-49.998933	-47.186299	0.500000	17
49.974235	-48.185939	0.500000	17
-49.962937	-49.183963	0.500000	17
49.914096	49.823626	0.500000	17
30.873521	2.095707	0.500000	18
30.248682	1.314953	0.500000	18
29.638939	0.522354	0.500000	18
29.179119	-0.365658	0.500000	18
28.672563	-1.227865	0.500000	18
28.267726	-2.142254	0.500000	18
27.842326	-3.047259	0.500000	18
27.412716	-3.950274	0.500000	18
26.931073	-4.826641	0.500000	18
26.503803	-5.730765	0.500000	18
26.019289	-6.605549	0.500000	18
25.435760	-7.417641	0.500000	18
24.951463	-8.292545	0.500000	18
24.374928	-9.109617	0.500000	18
23.917337	-9.998780	0.500000	18
23.370869	-10.836260	0.500000	18
22.807301	-11.662330	0.500000	18
22.346167	-12.549660	0.500000	18
21.830091	-13.406203	0.500000	18
21.401847	-14.309866	0.500000	18
20.874424	-15.159469	0.500000	18
6.970383	19.949952	0.500000	19
6.023969	19.626995	0.500000	19
5.047798	19.409991	0.500000	19
4.137415	18.996226	0.500000	19
3.195347	18.660802	0.500000	19
2.290416	18.235244	0.500000	19
1.337914	17.930711	0.500000	19
0.392887	17.603720	0.500000	19
-0.536962	17.235779	0.500000	19
-1.456081	16.841799	0.500000	19
-2.377098	16.452277	0.500000	19
-3.258144	15.979246	0.500000	19
-4.131996	15.493054	0.500000	19
-4.986400	14.973445	0.500000	19
-5.861205	14.488969	0.500000	19
-6.733146	13.999358	0.500000	19
-7.683608	13.688517	0.500000	19
-8.622646	13.344705	0.500000	19
-9.544682	12.957601	0.500000	19
-10.501581	12.667181	0.500000	19
-11.448643	12.346129	0.500000	19
-49.772696	23.285111	0.500000	20
49.645166	24.098200	0.500000	20
49.216512	25.001669	0.500000	20
48.740370	25.881038	0.500000	20
48.233063	26.742803	0.500000	20
47.664178	27.565220	0.500000	20
47.183142	28.441921	0.500000	20
46.817581	29.372708	0.500000	20
46.607325	30.350355	0.500000	20
46.466217	31.340349	0.500000	20
46.267461	32.320398	0.500000	20
46.000716	33.284165	0.500000	20
45.796497	34.263090	0.500000	20
45.511682	35.221673	0.500000	20
45.309826	36.201088	0.500000	20
45.240649	37.198692	0.500000	20
45.171498	38.196298	0.500000	20
45.039252	39.187515	0.500000	20
44.880148	40.174777	0.500000	20
44.850927	41.174350	0.500000	20
44.775890	42.171531	0.500000	20
43.260143	-44.950862	0.500000	21
42.480294	-44.324894	0.500000	21
41.830439	-43.564836	0.500000	21
41.446401	-42.641519	0.500000	21
40.975041	-41.759578	0.500000	21
40.625049	-40.822825	0.500000	21
40.281947	-39.883527	0.500000	21
39.811434	-39.001134	0.500000	21
39.244926	-38.177078	0.500000	21
38.608030	-37.406128	0.500000	21
37.960165	-36.644373	0.500000	21
37.251779	-35.938547	0.500000	21
36.629072	-35.156092	0.500000	21
36.057063	-34.335845	0.500000	21
35.474428	-33.523111	0.500000	21
34.938667	-32.678741	0.500000	21
34.490886	-31.784598	0.500000	21
34.133904	-30.850487	0.500000	21
33.687644	-29.955583	0.500000	21
33.130733	-29.125012	0.500000	21
32.668931	-28.238028	0.500000	21
22.952560	-24.661923	0.500000	22
22.528105	-25.567372	0.500000	22
22.125780	-26.482869	0.500000	22
21.609525	-27.339303	0.500000	22
21.017564	-28.145270	0.500000	22
20.294281	-28.835822	0.500000	22
19.545270	-29.498380	0.500000	22
18.695035	-30.024782	0.500000	22
17.825305	-30.518311	0.500000	22
16.915853	-30.934119	0.500000	22
16.000840	-31.337544	0.500000	22
15.073206	-31.711034	0.500000	22
14.218755	-32.230566	0.500000	22
13.504077	-32.930020	0.500000	22
12.734385	-33.568435	0.500000	22
12.062468	-34.309061	0.500000	22
11.411239	-35.067943	0.500000	22
10.715326	-35.786069	0.500000	22
10.018992	-36.503787	0.500000	22
9.324843	-37.223618	0.500000	22
8.599150	-37.911637	0.500000	22
-11.292550	-17.282264	0.500000	23
-12.164578	-16.792808	0.500000	23
-13.010654	-16.259746	0.500000	23
-13.810710	-15.659821	0.500000	23
-14.609177	-15.057782	0.500000	23
-15.381215	-14.422206	0.500000	23
-16.156652	-13.790781	0.500000	23
-16.939564	-13.168649	0.500000	23
-17.727967	-12.553489	0.500000	23
-18.422212	-11.833751	0.500000	23
-18.892522	-10.951249	0.500000	23
-19.285474	-10.031690	0.500000	23
-19.598867	-9.082067	0.500000	23
-20.030601	-8.180066	0.500000	23
-20.324912	-7.224356	0.500000	23
-20.538937	-6.247528	0.500000	23
-20.602528	-5.249552	0.500000	23
-20.747215	-4.260075	0.500000	23
-20.953809	-3.281648	0.500000	23
-21.080270	-2.289676	0.500000	23
-21.230425	-1.301014	0.500000	23
-27.642400	42.281546	0.500000	24
-27.988781	41.343452	0.500000	24
-28.314229	40.397892	0.500000	24
-28.676977	39.466005	0.500000	24
-29.118487	38.568749	0.500000	24
-29.446396	37.624040	0.500000	24
-29.666280	36.648513	0.500000	24
-29.785562	35.655653	0.500000	24
-29.792662	34.655678	0.500000	24
-29.729828	33.657654	0.500000	24
-29.537308	32.676361	0.500000	24
-29.431714	31.681952	0.500000	24
-29.308965	30.689514	0.500000	24
-29.213610	29.694071	0.500000	24
-28.887553	28.748721	0.500000	24
-28.630822	27.782238	0.500000	24
-28.474386	26.794549	0.500000	24
-28.278679	25.813887	0.500000	24
-27.898549	24.888954	0.500000	24
-27.523382	23.961997	0.500000	24
-27.175672	23.024395	0.500000	24
28.226576	-38.588028	0.500000	25
27.271412	-38.884103	0.500000	25
26.379065	-39.335452	0.500000	25
25.452822	-39.712381	0.500000	25
24.513793	-40.056219	0.500000	25
23.626327	-40.517091	0.500000	25
22.792440	-41.069026	0.500000	25
21.960370	-41.623697	0.500000	25
21.058793	-42.056317	0.500000	25
20.174278	-42.522828	0.500000	25
19.316706	-43.037192	0.500000	25
18.404447	-43.446806	0.500000	25
17.455768	-43.763046	0.500000	25
16.509209	-44.085577	0.500000	25
15.547481	-44.359584	0.500000	25
14.579884	-44.612083	0.500000	25
13.591729	-44.765544	0.500000	25
12.593963	-44.832346	0.500000	25
11.601926	-44.706397	0.500000	25
10.646929	-44.409784	0.500000	25
9.683493	-44.141843	0.500000	25
29.920989	7.727871	0.500000	26
30.095288	6.743179	0.500000	26
30.427487	5.799969	0.500000	26
30.861961	4.899285	0.500000	26
31.287643	3.994412	0.500000	26
31.767698	3.117174	0.500000	26
32.200487	2.215678	0.500000	26
32.588866	1.294178	0.500000	26
32.920370	0.350725	0.500000	26
33.387399	-0.533517	0.500000	26
33.962833	-1.351366	0.500000	26
34.527955	-2.176373	0.500000	26
35.070488	-3.016407	0.500000	26
35.689689	-3.801640	0.500000	26
36.267533	-4.617787	0.500000	26
36.764304	-5.485669	0.500000	26
37.151548	-6.407646	0.500000	26
37.446795	-7.363067	0.500000	26
37.635922	-8.345020	0.500000	26
37.775227	-9.335269	0.500000	26
37.880203	-10.329744	0.500000	26
-29.270183	-10.413549	0.500000	27
-28.299440	-10.653671	0.500000	27
-27.310094	-10.799254	0.500000	27
-26.348634	-11.074199	0.500000	27
-25.377121	-11.311183	0.500000	27
-24.424493	-11.615323	0.500000	27
-23.453249	-11.853410	0.500000	27
-22.496774	-12.145222	0.500000	27
-21.539696	-12.435053	0.500000	27
-20.628205	-12.846374	0.500000	27
-19.731902	-13.289817	0.500000	27
-18.839050	-13.740166	0.500000	27
-17.956565	-14.210507	0.500000	27
-17.138460	-14.785575	0.500000	27
-16.306921	-15.341043	0.500000	27
-15.442554	-15.843903	0.500000	27
-14.513844	-16.214711	0.500000	27
-13.669701	-16.750829	0.500000	27
-12.789521	-17.225468	0.500000	27
-11.874560	-17.629011	0.500000	27
-10.937766	-17.978891	0.500000	27
-1.493712	11.952362	0.500000	28
-2.300246	12.543549	0.500000	28
-3.142784	13.082187	0.500000	28
-4.011945	13.576715	0.500000	28
-4.990254	13.783867	0.500000	28
-5.947776	14.072229	0.500000	28
-6.867986	14.463653	0.500000	28
-7.783656	14.865585	0.500000	28
-8.704524	15.255458	0.500000	28
-9.593445	15.713519	0.500000	28
-10.427148	16.265732	0.500000	28
-11.269974	16.803919	0.500000	28
-12.167330	17.245226	0.500000	28
-13.053930	17.707763	0.500000	28
-13.971961	18.104270	0.500000	28
-14.823587	18.628421	0.500000	28
-15.665644	19.167810	0.500000	28
-16.526242	19.677094	0.500000	28
-17.318329	20.287502	0.500000	28
-18.162940	20.822883	0.500000	28
-19.026625	21.326915	0.500000	28
-49.303853	8.907507	0.500000	29
-48.307962	8.998068	0.500000	29
-47.308462	9.029682	0.500000	29
-46.309320	9.071103	0.500000	29
-45.309422	9.085369	0.500000	29
-44.309431	9.089643	0.500000	29
-43.309544	9.074611	0.500000	29
-42.310006	9.044239	0.500000	29
-41.311558	8.988538	0.500000	29
-40.316889	8.885424	0.500000	29
-39.339722	8.672948	0.500000	29
-38.355329	8.496965	0.500000	29
-37.368435	8.335595	0.500000	29
-36.382677	8.167426	0.500000	29
-35.415727	7.912460	0.500000	29
-34.434922	7.717469	0.500000	29
-33.440024	7.616581	0.500000	29
-32.440549	7.648967	0.500000	29
-31.443628	7.727379	0.500000	29
-30.443638	7.731991	0.500000	29
-29.446633	7.809319	0.500000	29
46.771118	-6.533437	0.500000	30
46.862987	-5.537665	0.500000	30
46.917402	-4.539147	0.500000	30
47.129148	-3.561822	0.500000	30
47.352527	-2.587091	0.500000	30
47.588199	-1.615258	0.500000	30
47.841374	-0.647838	0.500000	30
48.168046	0.297301	0.500000	30
48.434820	1.261060	0.500000	30
48.783047	2.198470	0.500000	30
49.210797	3.102367	0.500000	30
49.737832	3.952210	0.500000	30
-49.822051	4.850151	0.500000	30
-49.462102	5.783123	0.500000	30
-49.065517	6.701121	0.500000	30
-48.647247	7.609444	0.500000	30
-48.277677	8.538646	0.500000	30
-47.851464	9.443269	0.500000	30
-47.395316	10.333173	0.500000	30
-47.053793	11.273047	0.500000	30
-46.688432	12.203913	0.500000	30
31.897903	12.855970	0.500000	31
31.745834	11.867600	0.500000	31
31.379089	10.937279	0.500000	31
30.870528	10.076253	0.500000	31
30.310757	9.247605	0.500000	31
29.817960	8.377461	0.500000	31
29.255738	7.550475	0.500000	31
28.671423	6.738948	0.500000	31
28.033611	5.968756	0.500000	31
27.458175	5.150909	0.500000	31
26.840882	4.364176	0.500000	31
26.334974	3.501588	0.500000	31
25.910695	2.596057	0.500000	31
25.426498	1.721097	0.500000	31
24.795320	0.945460	0.500000	31
24.138631	0.191298	0.500000	31
23.498340	-0.576835	0.500000	31
22.851077	-1.339101	0.500000	31
22.097895	-1.996913	0.500000	31
21.334112	-2.642386	0.500000	31
20.550715	-3.263908	0.500000	31
31.506206	24.484421	0.500000	32
32.284086	23.856009	0.500000	32
33.043830	23.205786	0.500000	32
33.782902	22.532160	0.500000	32
34.607884	21.967001	0.500000	32
35.413211	21.374170	0.500000	32
36.247905	20.823456	0.500000	32
37.057703	20.236747	0.500000	32
37.828015	19.599080	0.500000	32
38.677906	19.072122	0.500000	32
39.467153	18.458045	0.500000	32
40.239341	17.822651	0.500000	32
40.808896	17.000698	0.500000	32
41.337936	16.152101	0.500000	32
41.882212	15.313195	0.500000	32
42.298209	14.403829	0.500000	32
42.738567	13.506007	0.500000	32
43.211428	12.624870	0.500000	32
43.745531	11.779451	0.500000	32
44.161997	10.870299	0.500000	32
44.547228	9.947479	0.500000	32
34.272497	9.461473	0.500000	33
35.119785	8.930339	0.500000	33
35.955490	8.381161	0.500000	33
36.801757	7.848402	0.500000	33
37.667653	7.348177	0.500000	33
38.460355	6.738569	0.500000	33
39.329836	6.244601	0.500000	33
40.176644	5.712703	0.500000	33
41.002879	5.149378	0.500000	33
41.863090	4.639439	0.500000	33
42.748157	4.173976	0.500000	33
43.706460	3.888221	0.500000	33
44.683821	3.676642	0.500000	33
45.657325	3.447974	0.500000	33
46.642535	3.276623	0.500000	33
47.634030	3.146476	0.500000	33
48.626391	3.023106	0.500000	33
49.619074	3.143857	0.500000	33
-49.391887	3.291507	0.500000	33
-48.394962	3.369878	0.500000	33
-47.401989	3.488215	0.500000	33
-30.962423	6.170890	0.500000	34
-31.745878	6.792339	0.500000	34
-32.531126	7.411520	0.500000	34
-33.380655	7.939062	0.500000	34
-34.193004	8.522233	0.500000	34
-35.020535	9.083654	0.500000	34
-35.755633	9.761614	0.500000	34
-36.342394	10.571374	0.500000	34
-37.020342	11.306485	0.500000	34
-37.660730	12.074536	0.500000	34
-38.385756	12.763258	0.500000	34
-39.151957	13.405858	0.500000	34
-39.883244	14.087929	0.500000	34
-40.531095	14.849695	0.500000	34
-41.241538	15.553450	0.500000	34
-42.004555	16.199829	0.500000	34
-42.837639	16.752976	0.500000	34
-43.723150	17.217593	0.500000	34
-44.599694	17.698916	0.500000	34
-45.438721	18.243006	0.500000	34
-46.265774	18.805130	0.500000	34
18.396074	-8.001914	0.500000	35
18.014489	-8.926247	0.500000	35
17.509923	-9.789621	0.500000	35
16.888358	-10.572983	0.500000	35
16.274270	-11.362220	0.500000	35
15.770919	-12.226302	0.500000	35
15.348572	-13.132737	0.500000	35
14.966340	-14.056803	0.500000	35
14.622732	-14.995916	0.500000	35
14.186387	-15.895696	0.500000	35
13.817621	-16.825218	0.500000	35
13.373025	-17.720949	0.500000	35
12.953501	-18.628693	0.500000	35
12.422277	-19.475925	0.500000	35
11.907701	-20.333369	0.500000	35
11.214065	-21.053695	0.500000	35
10.556594	-21.807175	0.500000	35
9.987725	-22.629603	0.500000	35
9.295112	-23.350912	0.500000	35
8.591332	-24.061330	0.500000	35
7.981013	-24.853486	0.500000	35
18.461947	-10.668539	0.500000	36
17.932709	-9.820065	0.500000	36
17.505884	-8.915731	0.500000	36
17.022806	-8.040153	0.500000	36
16.567190	-7.149977	0.500000	36
16.080505	-6.276400	0.500000	36
15.482865	-5.474635	0.500000	36
14.873409	-4.681815	0.500000	36
14.177813	-3.963382	0.500000	36
13.391522	-3.345526	0.500000	36
12.641228	-2.684421	0.500000	36
11.847248	-2.076477	0.500000	36
11.044134	-1.480653	0.500000	36
10.272770	-0.844258	0.500000	36
9.538275	-0.165644	0.500000	36
8.863357	0.572248	0.500000	36
8.144152	1.267047	0.500000	36
7.584529	2.095794	0.500000	36
7.000647	2.907632	0.500000	36
6.313326	3.633987	0.500000	36
5.607038	4.341911	0.500000	36
-1.740389	-2.120233	0.500000	37
-2.203545	-1.233957	0.500000	37
-2.626365	-0.327743	0.500000	37
-2.960961	0.614619	0.500000	37
-3.277527	1.563189	0.500000	37
-3.690152	2.474090	0.500000	37
-4.076384	3.396492	0.500000	37
-4.551157	4.276600	0.500000	37
-5.080433	5.125050	0.500000	37
-5.618190	5.968150	0.500000	37
-6.101079	6.843832	0.500000	37
-6.653997	7.677067	0.500000	37
-7.178317	8.528589	0.500000	37
-7.750102	9.348992	0.500000	37
-8.282007	10.195796	0.500000	37
-8.860274	11.011644	0.500000	37
-9.554223	11.731667	0.500000	37
-10.279763	12.419847	0.500000	37
-10.987676	13.126147	0.500000	37
-11.671500	13.855794	0.500000	37
-12.375189	14.566302	0.500000	37
-13.003427	-15.364842	0.500000	38
-13.748148	-16.032218	0.500000	38
-14.506504	-16.684058	0.500000	38
-15.316941	-17.269885	0.500000	38
-15.996602	-18.003411	0.500000	38
-16.601006	-18.800089	0.500000	38
-17.149759	-19.636074	0.500000	38
-17.494788	-20.574665	0.500000	38
-17.864999	-21.503613	0.500000	38
-18.090061	-22.477958	0.500000	38
-18.153178	-23.475964	0.500000	38
-18.116010	-24.475273	0.500000	38
-18.082708	-25.474718	0.500000	38
-18.136259	-26.473283	0.500000	38
-18.257921	-27.465855	0.500000	38
-18.442671	-28.448640	0.500000	38
-18.605824	-29.435241	0.500000	38
-18.699442	-30.430849	0.500000	38
-18.852654	-31.419043	0.500000	38
-19.079922	-32.392875	0.500000	38
-19.443700	-33.324361	0.500000	38
39.037605	-33.309810	0.500000	39
38.159981	-33.789160	0.500000	39
37.290302	-34.282779	0.500000	39
36.398554	-34.735309	0.500000	39
35.483512	-35.138669	0.500000	39
34.587446	-35.582591	0.500000	39
33.703732	-36.050617	0.500000	39
32.852609	-36.575583	0.500000	39
32.073226	-37.202131	0.500000	39
31.324734	-37.865275	0.500000	39
30.581242	-38.534020	0.500000	39
29.901353	-39.267335	0.500000	39
29.202184	-39.982291	0.500000	39
28.527690	-40.720571	0.500000	39
27.804569	-41.411294	0.500000	39
27.159110	-42.175088	0.500000	39
26.476507	-42.905877	0.500000	39
25.801762	-43.643929	0.500000	39
25.186678	-44.432390	0.500000	39
24.486001	-45.145869	0.500000	39
23.733749	-45.804744	0.500000	39
44.346041	37.702086	0.500000	40
43.531655	37.121763	0.500000	40
42.748565	36.499854	0.500000	40
41.945013	35.904621	0.500000	40
41.148041	35.300604	0.500000	40
40.413371	34.622179	0.500000	40
39.558155	34.103908	0.500000	40
38.724004	33.552371	0.500000	40
37.930242	32.944143	0.500000	40
37.109065	32.373470	0.500000	40
36.295069	31.792599	0.500000	40
35.564443	31.109821	0.500000	40
34.707174	30.594952	0.500000	40
33.834495	30.106658	0.500000	40
32.921272	29.699198	0.500000	40
31.987154	29.342234	0.500000	40
31.079920	28.921607	0.500000	40
30.115774	28.656237	0.500000	40
29.123587	28.531476	0.500000	40
28.152175	28.294076	0.500000	40
27.161668	28.156614	0.500000	40
-17.160590	-40.662483	0.500000	41
-17.381726	-41.637727	0.500000	41
-17.552542	-42.623030	0.500000	41
-17.755937	-43.602126	0.500000	41
-17.948540	-44.583403	0.500000	41
-18.118479	-45.568858	0.500000	41
-18.468125	-46.505740	0.500000	41
-18.781001	-47.455533	0.500000	41
-19.062200	-48.415183	0.500000	41
-19.231358	-49.400772	0.500000	41
-19.387451	49.611486	0.500000	41
-19.657395	48.648610	0.500000	41
-19.852463	47.667820	0.500000	41
-20.107674	46.700934	0.500000	41
-20.515199	45.787740	0.500000	41
-20.933060	44.879230	0.500000	41
-21.546777	44.089703	0.500000	41
-22.222140	43.352218	0.500000	41
-22.902493	42.619333	0.500000	41
-23.603302	41.905985	0.500000	41
-24.293185	41.182064	0.500000	41
-31.485909	-47.467523	0.500000	42
-31.155454	-46.523701	0.500000	42
-30.829989	-45.578147	0.500000	42
-30.592538	-44.606748	0.500000	42
-30.344852	-43.637908	0.500000	42
-30.136705	-42.659810	0.500000	42
-29.921443	-41.683254	0.500000	42
-29.665534	-40.716553	0.500000	42
-29.408435	-39.750168	0.500000	42
-28.995303	-38.839497	0.500000	42
-28.638826	-37.905192	0.500000	42
-28.241083	-36.987695	0.500000	42
-27.657551	-36.175605	0.500000	42
-27.074557	-35.363129	0.500000	42
-26.454323	-34.578713	0.500000	42
-25.709917	-33.910985	0.500000	42
-25.122794	-33.101488	0.500000	42
-24.642146	-32.224574	0.500000	42
-24.133285	-31.363725	0.500000	42
-23.627671	-30.500966	0.500000	42
-23.219690	-29.587975	0.500000	42
-24.631839	-9.882524	0.500000	43
-25.067964	-10.782411	0.500000	43
-25.441390	-11.710071	0.500000	43
-25.778038	-12.651701	0.500000	43
-26.141113	-13.583461	0.500000	43
-26.442530	-14.536954	0.500000	43
-26.486650	-15.535980	0.500000	43
-26.529904	-16.535044	0.500000	43
-26.623750	-17.530631	0.500000	43
-26.889165	-18.494765	0.500000	43
-27.116928	-19.468481	0.500000	43
-27.378216	-20.433742	0.500000	43
-27.352557	-21.433413	0.500000	43
-27.309571	-22.432489	0.500000	43
-27.309065	-23.432489	0.500000	43
-27.376219	-24.430231	0.500000	43
-27.460085	-25.426708	0.500000	43
-27.473963	-26.426612	0.500000	43
-27.496642	-27.426355	0.500000	43
-27.467803	-28.425939	0.500000	43
-27.479475	-29.425871	0.500000	43
-42.380905	21.983111	0.500000	44
-43.377486	21.900498	0.500000	44
-44.374048	21.817645	0.500000	44
-45.373938	21.802830	0.500000	44
-46.371460	21.732468	0.500000	44
-47.349477	21.523944	0.500000	44
-48.347639	21.463332	0.500000	44
-49.341047	21.348705	0.500000	44
49.689111	21.104968	0.500000	44
48.757256	20.742139	0.500000	44
47.772224	20.569765	0.500000	44
46.787373	20.396363	0.500000	44
45.799998	20.237964	0.500000	44
44.851179	19.922143	0.500000	44
43.951246	19.486114	0.500000	44
43.049482	19.053886	0.500000	44
42.083573	18.795003	0.500000	44
41.168584	18.391525	0.500000	44
40.196909	18.155204	0.500000	44
39.218309	17.949431	0.500000	44
38.248891	17.704017	0.500000	44
22.546075	-0.066165	0.500000	45
23.544739	-0.117845	0.500000	45
24.514308	-0.362664	0.500000	45
25.480345	-0.621068	0.500000	45
26.449345	-0.868129	0.500000	45
27.436928	-1.025225	0.500000	45
28.426644	-1.168274	0.500000	45
29.408770	-1.356496	0.500000	45
30.362264	-1.657908	0.500000	45
31.307195	-1.985179	0.500000	45
32.231447	-2.366962	0.500000	45
33.128325	-2.809240	0.500000	45
34.034217	-3.232749	0.500000	45
34.959656	-3.611645	0.500000	45
35.811168	-4.135980	0.500000	45
36.723820	-4.544719	0.500000	45
37.579068	-5.062937	0.500000	45
38.367243	-5.678388	0.500000	45
39.199979	-6.232058	0.500000	45
40.096132	-6.675804	0.500000	45
40.949717	-7.196758	0.500000	45
14.885049	-24.778270	0.500000	46
15.536582	-24.019649	0.500000	46
16.238754	-23.307642	0.500000	46
16.791259	-22.474133	0.500000	46
17.423511	-21.699370	0.500000	46
17.985455	-20.872195	0.500000	46
18.532896	-20.035350	0.500000	46
19.118973	-19.225095	0.500000	46
19.764864	-18.461665	0.500000	46
20.491523	-17.774667	0.500000	46
21.201714	-17.070658	0.500000	46
22.045426	-16.533862	0.500000	46
22.856569	-15.949014	0.500000	46
23.672760	-15.371231	0.500000	46
24.506294	-14.818764	0.500000	46
25.331191	-14.253480	0.500000	46
26.184594	-13.732229	0.500000	46
27.064833	-13.257699	0.500000	46
27.910499	-12.723985	0.500000	46
28.691543	-12.099510	0.500000	46
29.452136	-11.450281	0.500000	46
30.779776	38.228968	0.500000	47
29.824433	38.524468	0.500000	47
28.903095	38.913231	0.500000	47
27.967365	39.265948	0.500000	47
27.046016	39.654683	0.500000	47
26.179883	40.154497	0.500000	47
25.381058	40.756060	0.500000	47
24.539265	41.295862	0.500000	47
23.658958	41.770265	0.500000	47
22.799155	42.280892	0.500000	47
21.983480	42.859402	0.500000	47
21.170175	43.441239	0.500000	47
20.322056	43.971046	0.500000	47
19.468634	44.492266	0.500000	47
18.530946	44.839744	0.500000	47
17.597951	45.199633	0.500000	47
16.676266	45.587572	0.500000	47
15.754365	45.974999	0.500000	47
14.887721	46.473925	0.500000	47
14.003417	46.940838	0.500000	47
13.078075	47.319970	0.500000	47
-26.486109	34.662338	0.500000	48
-25.699132	34.045356	0.500000	48
-24.891387	33.455823	0.500000	48
-24.115684	32.824725	0.500000	48
-23.385932	32.141014	0.500000	48
-22.584618	31.542770	0.500000	48
-21.863426	30.850035	0.500000	48
-21.023597	30.307183	0.500000	48
-20.143063	29.833200	0.500000	48
-19.191593	29.525459	0.500000	48
-18.272882	29.130528	0.500000	48
-17.418639	28.610654	0.500000	48
-16.604865	28.029472	0.500000	48
-15.842912	27.381841	0.500000	48
-15.115436	26.695707	0.500000	48
-14.386640	26.010976	0.500000	48
-13.734327	25.253027	0.500000	48
-13.060502	24.514135	0.500000	48
-12.439688	23.730178	0.500000	48
-11.820059	22.945283	0.500000	48
-11.100961	22.250374	0.500000	48
44.739690	30.869900	0.500000	49
45.676236	31.220444	0.500000	49
46.609832	31.578770	0.500000	49
47.574285	31.843028	0.500000	49
48.482736	32.261019	0.500000	49
49.450764	32.511859	0.500000	49
-49.591103	32.798183	0.500000	49
-48.667446	33.181403	0.500000	49
-47.794236	33.668747	0.500000	49
-46.937773	34.184956	0.500000	49
-46.087067	34.710598	0.500000	49
-45.180901	35.133519	0.500000	49
-44.268328	35.542434	0.500000	49
-43.308224	35.822078	0.500000	49
-42.320336	35.977242	0.500000	49
-41.341529	36.182030	0.500000	49
-40.384694	36.472662	0.500000	49
-39.504219	36.946753	0.500000	49
-38.676813	37.508358	0.500000	49
-37.846195	38.065201	0.500000	49
-37.076549	38.703672	0.500000	49
-14.061601	23.422709	0.500000	50
-13.621292	24.320556	0.500000	50
-13.214813	25.234216	0.500000	50
-12.954456	26.199728	0.500000	50
-12.664380	27.156732	0.500000	50
-12.506469	28.144185	0.500000	50
-12.393543	29.137789	0.500000	50
-12.243380	30.126450	0.500000	50
-12.166243	31.123470	0.500000	50
-11.881832	32.082173	0.500000	50
-11.622785	33.048037	0.500000	50
-11.395198	34.021795	0.500000	50
-11.239346	35.009576	0.500000	50
-11.219628	36.009381	0.500000	50
-11.151350	37.007048	0.500000	50
-11.026494	37.999222	0.500000	50
-11.138651	38.992913	0.500000	50
-11.036936	39.987727	0.500000	50
-11.051861	40.987615	0.500000	50
-11.058569	41.987593	0.500000	50
-11.145567	42.983801	0.500000	50
17.386815	32.338067	0.500000	51
18.286819	32.773948	0.500000	51
19.143712	33.289442	0.500000	51
19.883394	33.962399	0.500000	51
20.652135	34.601959	0.500000	51
21.289569	35.372463	0.500000	51
21.927970	36.142168	0.500000	51
22.550844	36.924490	0.500000	51
23.068426	37.780123	0.500000	51
23.339683	38.742630	0.500000	51
23.482471	39.732383	0.500000	51
23.512009	40.731947	0.500000	51
23.558197	41.730880	0.500000	51
23.799709	42.701278	0.500000	51
23.903585	43.695868	0.500000	51
24.062829	44.683107	0.500000	51
24.462778	45.599645	0.500000	51
24.840624	46.525513	0.500000	51
25.234683	47.444598	0.500000	51
25.696241	48.331709	0.500000	51
26.241487	49.169985	0.500000	51
-14.822000	21.234845	0.500000	52
-14.500365	22.181709	0.500000	52
-14.192256	23.133060	0.500000	52
-13.895871	24.088128	0.500000	52
-13.574208	25.034983	0.500000	52
-13.216193	25.968698	0.500000	52
-12.777703	26.867435	0.500000	52
-12.270943	27.729522	0.500000	52
-11.707231	28.555493	0.500000	52
-11.103324	29.352548	0.500000	52
-10.512648	30.159457	0.500000	52
-9.960855	30.993438	0.500000	52
-9.284493	31.730008	0.500000	52
-8.647216	32.500642	0.500000	52
-7.945550	33.213148	0.500000	52
-7.155142	33.825729	0.500000	52
-6.288195	34.324130	0.500000	52
-5.423289	34.826063	0.500000	52
-4.585068	35.371394	0.500000	52
-3.938832	36.134532	0.500000	52
-3.319649	36.919778	0.500000	52
-18.194011	-9.954075	0.500000	53
-17.355197	-10.498492	0.500000	53
-16.465279	-10.954612	0.500000	53
-15.544791	-11.345385	0.500000	53
-14.616420	-11.717040	0.500000	53
-13.790864	-12.281359	0.500000	53
-13.076118	-12.980744	0.500000	53
-12.314550	-13.628828	0.500000	53
-11.582031	-14.309575	0.500000	53
-10.948102	-15.082966	0.500000	53
-10.302958	-15.847027	0.500000	53
-9.659877	-16.612825	0.500000	53
-8.874318	-17.231613	0.500000	53
-7.949475	-17.611961	0.500000	53
-6.975747	-17.839673	0.500000	53
-5.987713	-17.993915	0.500000	53
-5.002766	-18.166767	0.500000	53
-4.014051	-18.316577	0.500000	53
-3.029965	-18.494269	0.500000	53
-2.033068	-18.572987	0.500000	53
-1.044951	-18.726690	0.500000	53
-11.270776	18.553886	0.500000	54
-10.414238	19.069969	0.500000	54
-9.610462	19.664902	0.500000	54
-8.844147	20.307367	0.500000	54
-8.004960	20.851210	0.500000	54
-7.177356	21.412522	0.500000	54
-6.383007	22.019983	0.500000	54
-5.632801	22.681187	0.500000	54
-4.771846	23.189868	0.500000	54
-4.008424	23.835768	0.500000	54
-3.175904	24.389763	0.500000	54
-2.257994	24.786553	0.500000	54
-1.307164	25.096265	0.500000	54
-0.322160	25.268799	0.500000	54
0.672796	25.369110	0.500000	54
1.656841	25.547030	0.500000	54
2.623878	25.801666	0.500000	54
3.608279	25.977602	0.500000	54
4.601879	26.090563	0.500000	54
5.582331	26.287322	0.500000	54
6.576468	26.395450	0.500000	54
26.031901	45.862409	0.500000	55
25.828635	46.841533	0.500000	55
25.668067	47.828557	0.500000	55
25.428437	48.799422	0.500000	55
25.034597	49.718600	0.500000	55
24.664606	-49.352364	0.500000	55
24.275045	-48.431363	0.500000	55
24.043939	-47.458435	0.500000	55
23.715397	-46.513945	0.500000	55
23.499348	-45.537563	0.500000	55
23.368565	-44.546152	0.500000	55
23.159761	-43.568194	0.500000	55
23.033724	-42.576169	0.500000	55
22.960083	-41.578884	0.500000	55
22.741737	-40.603012	0.500000	55
22.472988	-39.639802	0.500000	55
22.110086	-38.707975	0.500000	55
21.744013	-37.777389	0.500000	55
21.214322	-36.929198	0.500000	55
20.619171	-36.125584	0.500000	55
19.982981	-35.354052	0.500000	55
0.690155	15.393100	0.500000	56
1.435787	16.059458	0.500000	56
2.194617	16.710747	0.500000	56
3.010407	17.289095	0.500000	56
3.801278	17.901077	0.500000	56
4.538852	18.576344	0.500000	56
5.247115	19.282293	0.500000	56
5.901115	20.038787	0.500000	56
6.501584	20.838435	0.500000	56
7.032748	21.685704	0.500000	56
7.608807	22.503112	0.500000	56
8.170819	23.330241	0.500000	56
8.667480	24.198186	0.500000	56
9.185969	25.053271	0.500000	56
9.698519	25.911927	0.500000	56
10.224251	26.762578	0.500000	56
10.807371	27.574964	0.500000	56
11.382630	28.392935	0.500000	56
12.028604	29.156295	0.500000	56
12.792640	29.801468	0.500000	56
13.662009	30.295632	0.500000	56
-18.575165	48.906768	0.500000	57
-18.683276	49.900907	0.500000	57
-19.037443	-49.163911	0.500000	57
-19.442569	-48.249650	0.500000	57
-19.785965	-47.310460	0.500000	57
-20.147569	-46.378128	0.500000	57
-20.524329	-45.451817	0.500000	57
-20.948864	-44.546405	0.500000	57
-21.288393	-43.605810	0.500000	57
-21.628089	-42.665275	0.500000	57
-21.883660	-41.698484	0.500000	57
-22.047130	-40.711936	0.500000	57
-22.333744	-39.753890	0.500000	57
-22.583775	-38.785652	0.500000	57
-22.701656	-37.792624	0.500000	57
-22.827549	-36.800580	0.500000	57
-22.890356	-35.802555	0.500000	57
-23.025968	-34.811793	0.500000	57
-23.164394	-33.821420	0.500000	57
-23.365614	-32.841874	0.500000	57
-23.729178	-31.910305	0.500000	57
-15.734742	-37.316845	0.500000	58
-16.336460	-36.518136	0.500000	58
-16.929251	-35.712780	0.500000	58
-17.557245	-34.934562	0.500000	58
-18.152174	-34.130784	0.500000	58
-18.765157	-33.340687	0.500000	58
-19.406787	-32.573673	0.500000	58
-19.909474	-31.709205	0.500000	58
-20.415859	-30.846897	0.500000	58
-20.864508	-29.953189	0.500000	58
-21.140491	-28.992027	0.500000	58
-21.500811	-28.059198	0.500000	58
-21.893712	-27.139617	0.500000	58
-22.328434	-26.239052	0.500000	58
-22.744861	-25.329883	0.500000	58
-23.279798	-24.484991	0.500000	58
-23.797075	-23.629173	0.500000	58
-24.400599	-22.831829	0.500000	58
-25.095458	-22.112683	0.500000	58
-25.723958	-21.334873	0.500000	58
-26.312117	-20.526128	0.500000	58
23.681214	-43.134329	0.500000	59
22.721865	-42.852109	0.500000	59
21.739111	-42.667190	0.500000	59
20.784571	-42.369105	0.500000	59
19.837626	-42.047710	0.500000	59
18.920782	-41.648464	0.500000	59
18.001922	-41.253881	0.500000	59
17.055132	-40.932029	0.500000	59
16.082351	-40.700305	0.500000	59
15.134134	-40.382680	0.500000	59
14.186093	-40.064531	0.500000	59
13.278156	-39.645426	0.500000	59
12.421176	-39.130076	0.500000	59
11.509755	-38.718601	0.500000	59
10.564910	-38.391082	0.500000	59
9.597164	-38.139154	0.500000	59
8.617184	-37.940062	0.500000	59
7.646033	-37.701596	0.500000	59
6.721574	-37.320315	0.500000	59
5.807247	-36.915338	0.500000	59
4.864912	-36.580665	0.500000	59
14.130365	-4.230566	0.500000	60
14.554845	-5.136004	0.500000	60
14.832618	-6.096650	0.500000	60
15.229490	-7.014524	0.500000	60
15.755577	-7.864955	0.500000	60
16.349238	-8.669670	0.500000	60
16.998314	-9.430394	0.500000	60
17.660106	-10.180081	0.500000	60
18.260561	-10.979740	0.500000	60
18.716056	-11.869978	0.500000	60
19.196867	-12.746802	0.500000	60
19.610252	-13.657359	0.500000	60
20.056935	-14.552051	0.500000	60
20.603610	-15.389396	0.500000	60
21.113685	-16.249526	0.500000	60
21.582608	-17.132765	0.500000	60
22.021888	-18.031115	0.500000	60
22.424254	-18.946594	0.500000	60
22.753583	-19.890809	0.500000	60
23.085504	-20.834116	0.500000	60
23.435806	-21.770753	0.500000	60
7.542852	30.617651	0.500000	61
7.737758	29.636829	0.500000	61
7.855563	28.643792	0.500000	61
7.982295	27.651855	0.500000	61
8.174025	26.670408	0.500000	61
8.242262	25.672738	0.500000	61
8.314399	24.675344	0.500000	61
8.338697	23.675639	0.500000	61
8.234164	22.681117	0.500000	61
7.979995	21.713958	0.500000	61
7.752646	20.740144	0.500000	61
7.402576	19.803421	0.500000	61
7.034011	18.873819	0.500000	61
6.537249	18.005932	0.500000	61
6.016622	17.152148	0.500000	61
5.454748	16.324925	0.500000	61
4.771032	15.595177	0.500000	61
4.075982	14.876216	0.500000	61
3.410188	14.130080	0.500000	61
2.750775	13.378299	0.500000	61
2.096870	12.621723	0.500000	61
2.172814	0.476976	0.500000	62
1.582702	-0.330346	0.500000	62
1.032612	-1.165451	0.500000	62
0.414582	-1.951606	0.500000	62
-0.297569	-2.653632	0.500000	62
-0.896323	-3.454565	0.500000	62
-1.509109	-4.244814	0.500000	62
-2.035454	-5.095085	0.500000	62
-2.544738	-5.955684	0.500000	62
-3.197197	-6.713508	0.500000	62
-3.954060	-7.367082	0.500000	62
-4.825514	-7.857559	0.500000	62
-5.700796	-8.341172	0.500000	62
-6.555782	-8.859822	0.500000	62
-7.394289	-9.404714	0.500000	62
-8.245653	-9.929289	0.500000	62
-9.087038	-10.469725	0.500000	62
-10.002777	-10.871498	0.500000	62
-10.940645	-11.218492	0.500000	62
-11.871944	-11.582747	0.500000	62
-12.820026	-11.900772	0.500000	62
6.306596	5.111500	0.500000	63
6.534999	6.085067	0.500000	63
6.848958	7.034503	0.500000	63
7.072565	8.009183	0.500000	63
7.309918	8.980606	0.500000	63
7.722400	9.891572	0.500000	63
8.175525	10.783019	0.500000	63
8.492947	11.731303	0.500000	63
8.951489	12.619976	0.500000	63
9.588289	13.391005	0.500000	63
10.161184	14.210634	0.500000	63
10.726411	15.035569	0.500000	63
11.319791	15.840492	0.500000	63
11.968982	16.601117	0.500000	63
12.680028	17.304262	0.500000	63
13.401687	17.996511	0.500000	63
14.206914	18.589477	0.500000	63
15.050679	19.126190	0.500000	63
15.915423	19.628404	0.500000	63
16.743222	20.189428	0.500000	63
17.581459	20.734735	0.500000	63
15.773837	-36.665141	0.500000	64
16.362076	-35.856454	0.500000	64
16.997866	-35.084592	0.500000	64
17.670704	-34.344802	0.500000	64
18.391216	-33.651360	0.500000	64
19.166995	-33.020355	0.500000	64
19.867384	-32.306593	0.500000	64
20.561852	-31.587070	0.500000	64
21.266620	-30.877632	0.500000	64
21.888632	-30.094625	0.500000	64
22.453248	-29.269271	0.500000	64
23.003851	-28.434504	0.500000	64
23.597852	-27.630039	0.500000	64
24.289837	-26.908127	0.500000	64
24.966164	-26.171526	0.500000	64
25.699784	-25.491966	0.500000	64
26.482244	-24.869265	0.500000	64
27.276117	-24.261181	0.500000	64
28.057780	-23.637480	0.500000	64
28.920108	-23.131131	0.500000	64
29.799486	-22.655006	0.500000	64
34.655334	18.279305	0.500000	65
33.815497	17.736467	0.500000	65
33.034422	17.112030	0.500000	65
32.157546	16.631313	0.500000	65
31.299891	16.117087	0.500000	65
30.476288	15.549920	0.500000	65
29.609302	15.051588	0.500000	65
28.806798	14.454940	0.500000	65
28.014462	13.844856	0.500000	65
27.253314	13.196278	0.500000	65
26.449634	12.601216	0.500000	65
25.638142	12.016853	0.500000	65
24.843363	11.409953	0.500000	65
24.030226	10.827881	0.500000	65
23.257634	10.192979	0.500000	65
22.433023	9.627278	0.500000	65
21.685862	8.962636	0.500000	65
20.855425	8.405522	0.500000	65
20.034854	7.833978	0.500000	65
19.212912	7.264406	0.500000	65
18.402667	6.678316	0.500000	65
-30.251075	-28.749527	0.500000	66
-29.859948	-29.669864	0.500000	66
-29.530519	-30.614044	0.500000	66
-29.210434	-31.561433	0.500000	66
-28.842207	-32.491169	0.500000	66
-28.487858	-33.426282	0.500000	66
-28.143099	-34.364974	0.500000	66
-27.685518	-35.254142	0.500000	66
-27.310917	-36.181328	0.500000	66
-26.902674	-37.094201	0.500000	66
-26.275553	-37.873123	0.500000	66
-25.703066	-38.693037	0.500000	66
-25.087713	-39.481289	0.500000	66
-24.397694	-40.205079	0.500000	66
-23.715123	-40.935899	0.500000	66
-22.979517	-41.613308	0.500000	66
-22.147074	-42.167419	0.500000	66
-21.362130	-42.786986	0.500000	66
-20.635762	-43.474292	0.500000	66
-19.925396	-44.178124	0.500000	66
-19.311562	-44.967559	0.500000	66
36.327368	45.708551	0.500000	67
35.883832	44.812295	0.500000	67
35.335815	43.975828	0.500000	67
34.716112	43.190991	0.500000	67
34.050843	42.444387	0.500000	67
33.321979	41.759729	0.500000	67
32.534394	41.143522	0.500000	67
31.751102	40.521869	0.500000	67
30.998876	39.862963	0.500000	67
30.340524	39.110253	0.500000	67
29.683710	38.356200	0.500000	67
29.120288	37.530031	0.500000	67
28.644652	36.650389	0.500000	67
28.230347	35.740251	0.500000	67
27.772740	34.851096	0.500000	67
27.313349	33.962862	0.500000	67
26.830639	33.087082	0.500000	67
26.428417	32.171540	0.500000	67
26.103310	31.225862	0.500000	67
25.768686	30.283511	0.500000	67
25.238162	29.435841	0.500000	67
-9.769423	-19.602513	0.500000	68
-9.992095	-20.577407	0.500000	68
-10.082033	-21.573354	0.500000	68
-10.119735	-22.572643	0.500000	68
-10.083389	-23.571982	0.500000	68
-10.148803	-24.569840	0.500000	68
-10.245429	-25.565161	0.500000	68
-10.296311	-26.563866	0.500000	68
-10.479802	-27.546887	0.500000	68
-10.559357	-28.543718	0.500000	68
-10.535108	-29.543424	0.500000	68
-10.711836	-30.527683	0.500000	68
-10.863443	-31.516124	0.500000	68
-11.011751	-32.505066	0.500000	68
-11.280022	-33.468409	0.500000	68
-11.537582	-34.434671	0.500000	68
-11.882572	-35.373278	0.500000	68
-12.172132	-36.330438	0.500000	68
-12.538413	-37.260942	0.500000	68
-12.928631	-38.181664	0.500000	68
-13.335292	-39.095244	0.500000	68
28.873071	11.903206	0.500000	69
29.212197	12.843947	0.500000	69
29.450905	13.815038	0.500000	69
29.727762	14.775949	0.500000	69
30.021087	15.731962	0.500000	69
30.395570	16.659196	0.500000	69
30.823908	17.562815	0.500000	69
31.194315	18.491684	0.500000	69
31.525566	19.435227	0.500000	69
31.809847	20.393968	0.500000	69
32.196386	21.316241	0.500000	69
32.613293	22.225190	0.500000	69
33.042141	23.128567	0.500000	69
33.459686	24.037223	0.500000	69
33.949794	24.908885	0.500000	69
34.397796	25.802917	0.500000	69
34.844480	26.697609	0.500000	69
35.371946	27.547185	0.500000	69
35.893334	28.400505	0.500000	69
36.487303	29.204993	0.500000	69
37.079484	30.010798	0.500000	69
36.202934	4.264747	0.500000	70
36.495730	3.308572	0.500000	70
36.800049	2.356002	0.500000	70
37.187242	1.434003	0.500000	70
37.596155	0.521430	0.500000	70
38.158998	-0.305135	0.500000	70
38.655862	-1.172963	0.500000	70
38.979404	-2.119177	0.500000	70
39.350225	-3.047881	0.500000	70
39.770772	-3.955152	0.500000	70
40.232602	-4.842120	0.500000	70
40.678529	-5.737190	0.500000	70
41.121357	-6.633796	0.500000	70
41.552051	-7.536294	0.500000	70
41.976618	-8.441691	0.500000	70
42.481875	-9.304660	0.500000	70
43.026810	-10.143138	0.500000	70
43.443752	-11.052071	0.500000	70
43.681990	-12.023278	0.500000	70
43.723890	-13.022400	0.500000	70
43.929805	-14.000970	0.500000	70
36.338672	-49.826421	0.500000	71
35.430022	49.756020	0.500000	71
34.524080	49.332619	0.500000	71
33.681891	48.793436	0.500000	71
32.882588	48.192508	0.500000	71
32.176254	47.484630	0.500000	71
31.594476	46.671282	0.500000	71
31.112503	45.795096	0.500000	71
30.649005	44.908998	0.500000	71
30.252036	43.991166	0.500000	71
29.747210	43.127945	0.500000	71
29.250807	42.259852	0.500000	71
28.956220	41.304228	0.500000	71
28.466347	40.432434	0.500000	71
28.081725	39.509360	0.500000	71
27.793301	38.551857	0.500000	71
27.415649	37.625909	0.500000	71
27.082481	36.683042	0.500000	71
26.755289	35.738084	0.500000	71
26.502407	34.770587	0.500000	71
26.111069	33.850340	0.500000	71
-45.290730	-49.795229	0.500000	72
-45.801395	49.344992	0.500000	72
-46.069460	48.381591	0.500000	72
-46.218707	47.392791	0.500000	72
-46.246040	46.393165	0.500000	72
-46.242113	45.393172	0.500000	72
-46.315954	44.395902	0.500000	72
-46.326471	43.395958	0.500000	72
-46.450376	42.403663	0.500000	72
-46.629793	41.419890	0.500000	72
-46.564158	40.422047	0.500000	72
-46.380357	39.439083	0.500000	72
-46.186622	38.458029	0.500000	72
-45.916413	37.495228	0.500000	72
-45.669166	36.526275	0.500000	72
-45.399302	35.563377	0.500000	72
-45.144897	34.596279	0.500000	72
-44.916251	33.622769	0.500000	72
-44.555381	32.690153	0.500000	72
-44.225681	31.746067	0.500000	72
-43.972240	30.778716	0.500000	72
7.068564	16.314986	0.500000	73
7.862360	16.923169	0.500000	73
8.660164	17.526086	0.500000	73
9.462135	18.123450	0.500000	73
10.243191	18.747911	0.500000	73
11.038971	19.353496	0.500000	73
11.826906	19.969254	0.500000	73
12.538628	20.671716	0.500000	73
13.209782	21.413034	0.500000	73
13.827144	22.199713	0.500000	73
14.378930	23.033699	0.500000	73
14.807682	23.937121	0.500000	73
15.345165	24.780395	0.500000	73
15.776398	25.682636	0.500000	73
16.302746	26.532906	0.500000	73
16.713153	27.444808	0.500000	73
17.186812	28.325516	0.500000	73
17.566071	29.250807	0.500000	73
17.822547	30.217357	0.500000	73
18.078405	31.184072	0.500000	73
18.463794	32.106826	0.500000	73
-23.412117	-22.886514	0.500000	74
-24.384140	-22.651629	0.500000	74
-25.376834	-22.530967	0.500000	74
-26.359643	-22.346343	0.500000	74
-27.337652	-22.137776	0.500000	74
-28.336736	-22.094999	0.500000	74
-29.331739	-21.995150	0.500000	74
-30.331727	-21.990393	0.500000	74
-31.321274	-22.134605	0.500000	74
-32.319189	-22.199153	0.500000	74
-33.317711	-22.253509	0.500000	74
-34.306363	-22.403729	0.500000	74
-35.291041	-22.578110	0.500000	74
-36.277508	-22.742073	0.500000	74
-37.274842	-22.815049	0.500000	74
-38.274511	-22.840774	0.500000	74
-39.274300	-22.861318	0.500000	74
-40.273080	-22.910691	0.500000	74
-41.271061	-22.974208	0.500000	74
-42.249730	-23.179649	0.500000	74
-43.234230	-23.355035	0.500000	74
2.904628	44.317539	0.500000	75
1.950683	44.617519	0.500000	75
0.979878	44.857391	0.500000	75
0.000252	45.058221	0.500000	75
-0.977049	45.270075	0.500000	75
-1.960861	45.449279	0.500000	75
-2.936614	45.668156	0.500000	75
-3.912566	45.886138	0.500000	75
-4.861345	46.202079	0.500000	75
-5.811665	46.513352	0.500000	75
-6.781295	46.757930	0.500000	75
-7.762994	46.948371	0.500000	75
-8.726051	47.217669	0.500000	75
-9.659037	47.577581	0.500000	75
-10.615975	47.867872	0.500000	75
-11.520518	48.294255	0.500000	75
-12.457600	48.643365	0.500000	75
-13.385700	49.015694	0.500000	75
-14.348972	49.284224	0.500000	75
-15.312495	49.551851	0.500000	75
-16.269545	49.841771	0.500000	75
2.082128	2.029875	0.500000	76
2.956220	1.544115	0.500000	76
3.911144	1.247264	0.500000	76
4.819697	0.829496	0.500000	76
5.793526	0.602214	0.500000	76
6.787516	0.492736	0.500000	76
7.785234	0.425226	0.500000	76
8.778506	0.309417	0.500000	76
9.777502	0.264615	0.500000	76
10.735251	-0.022988	0.500000	76
11.711818	-0.238204	0.500000	76
12.711791	-0.230942	0.500000	76
13.710349	-0.177243	0.500000	76
14.687379	0.035859	0.500000	76
15.683943	0.118686	0.500000	76
16.683737	0.138953	0.500000	76
17.673114	0.284325	0.500000	76
18.661142	0.438598	0.500000	76
19.659745	0.491448	0.500000	76
20.653569	0.380477	0.500000	76
21.634007	0.183650	0.500000	76
40.916491	29.944643	0.500000	77
40.500443	29.035300	0.500000	77
40.062290	28.136400	0.500000	77
39.552185	27.276288	0.500000	77
39.030076	26.423409	0.500000	77
38.474802	25.591742	0.500000	77
37.981677	24.721783	0.500000	77
37.528844	23.830188	0.500000	77
37.063557	22.945028	0.500000	77
36.650412	22.034363	0.500000	77
36.355189	21.078935	0.500000	77
36.012828	20.139366	0.500000	77
35.628710	19.216082	0.500000	77
35.265244	18.284474	0.500000	77
34.902163	17.352717	0.500000	77
34.410291	16.482049	0.500000	77
34.002068	15.569167	0.500000	77
33.690846	14.618830	0.500000	77
33.390828	13.664896	0.500000	77
33.020720	12.735907	0.500000	77
32.692699	11.791237	0.500000	77
-21.634234	6.129174	0.500000	78
-21.001685	5.354654	0.500000	78
-20.382190	4.569653	0.500000	78
-19.747343	3.797015	0.500000	78
-19.140262	3.002375	0.500000	78
-18.572666	2.179069	0.500000	78
-17.999500	1.359629	0.500000	78
-17.412595	0.549973	0.500000	78
-16.712388	-0.163966	0.500000	78
-16.075474	-0.934901	0.500000	78
-15.426703	-1.695886	0.500000	78
-14.832024	-2.499848	0.500000	78
-14.161354	-3.241604	0.500000	78
-13.480572	-3.974091	0.500000	78
-12.737254	-4.643029	0.500000	78
-11.914593	-5.211561	0.500000	78
-11.092043	-5.780254	0.500000	78
-10.169170	-6.165357	0.500000	78
-9.292099	-6.645720	0.500000	78
-8.383744	-7.063919	0.500000	78
-7.449392	-7.420270	0.500000	78
12.266624	31.138841	0.500000	79
11.803746	32.025263	0.500000	79
11.352513	32.917669	0.500000	79
10.980021	33.845705	0.500000	79
10.522077	34.734685	0.500000	79
9.986982	35.579478	0.500000	79
9.388734	36.380788	0.500000	79
8.849582	37.222997	0.500000	79
8.362524	38.096367	0.500000	79
7.854465	38.957689	0.500000	79
7.283697	39.778800	0.500000	79
6.557064	40.465826	0.500000	79
5.868625	41.191121	0.500000	79
5.167740	41.904395	0.500000	79
4.532291	42.676537	0.500000	79
4.002797	43.524851	0.500000	79
3.480695	44.377734	0.500000	79
2.868974	45.168808	0.500000	79
2.273065	45.971860	0.500000	79
1.673287	46.772027	0.500000	79
1.266381	47.685497	0.500000	79
-30.941030	-0.797497	0.500000	80
-30.977400	0.201841	0.500000	80
-31.034817	1.200191	0.500000	80
-31.076922	2.199305	0.500000	80
-31.252713	3.183732	0.500000	80
-31.433204	4.167309	0.500000	80
-31.615338	5.150583	0.500000	80
-31.757174	6.140473	0.500000	80
-31.805831	7.139288	0.500000	80
-31.899675	8.134875	0.500000	80
-32.015522	9.128142	0.500000	80
-32.167853	10.116472	0.500000	80
-32.259737	11.112242	0.500000	80
-32.325450	12.110080	0.500000	80
-32.289376	13.109429	0.500000	80
-32.363334	14.106691	0.500000	80
-32.445565	15.103304	0.500000	80
-32.445586	16.103304	0.500000	80
-32.269397	17.087660	0.500000	80
-32.122627	18.076831	0.500000	80
-31.930072	19.058117	0.500000	80
47.012767	42.500310	0.500000	81
47.892329	42.976095	0.500000	81
48.801655	43.392178	0.500000	81
49.702321	43.826692	0.500000	81
-49.430277	44.324300	0.500000	81
-48.532189	44.764115	0.500000	81
-47.692537	45.307239	0.500000	81
-46.884156	45.895900	0.500000	81
-46.115043	46.535012	0.500000	81
-45.362838	47.193941	0.500000	81
-44.517744	47.728559	0.500000	81
-43.688781	48.287863	0.500000	81
-42.891323	48.891238	0.500000	81
-42.121377	49.529346	0.500000	81
-41.296715	-49.905028	0.500000	81
-40.427513	-49.410571	0.500000	81
-39.571619	-48.893420	0.500000	81
-38.746530	-48.328417	0.500000	81
-37.889935	-47.812427	0.500000	81
-37.109180	-47.187590	0.500000	81
-36.390061	-46.492704	0.500000	81
-17.277814	-9.020337	0.500000	82
-16.755997	-9.873394	0.500000	82
-16.382477	-10.801016	0.500000	82
-15.905126	-11.679729	0.500000	82
-15.393265	-12.538797	0.500000	82
-14.936192	-13.428227	0.500000	82
-14.473679	-14.314839	0.500000	82
-13.952336	-15.168186	0.500000	82
-13.509442	-16.064760	0.500000	82
-13.012426	-16.932502	0.500000	82
-12.461025	-17.766742	0.500000	82
-11.959985	-18.632166	0.500000	82
-11.577153	-19.555984	0.500000	82
-11.073517	-20.419900	0.500000	82
-10.539480	-21.265361	0.500000	82
-10.114537	-22.170581	0.500000	82
-9.744987	-23.099792	0.500000	82
-9.469643	-24.061138	0.500000	82
-9.266440	-25.040274	0.500000	82
-8.906537	-25.973264	0.500000	82
-8.802551	-26.967843	0.500000	82
27.810260	24.138614	0.500000	83
28.299938	25.010517	0.500000	83
28.690025	25.931295	0.500000	83
28.989546	26.885385	0.500000	83
29.314784	27.831017	0.500000	83
29.849021	28.676352	0.500000	83
30.581667	29.356962	0.500000	83
31.121839	30.198516	0.500000	83
31.600859	31.076320	0.500000	83
31.998405	31.993902	0.500000	83
32.201815	32.972996	0.500000	83
32.434002	33.945667	0.500000	83
32.701364	34.909263	0.500000	83
32.977586	35.870357	0.500000	83
33.352099	36.797579	0.500000	83
33.760796	37.710249	0.500000	83
34.069769	38.661320	0.500000	83
34.451554	39.585571	0.500000	83
34.752822	40.539110	0.500000	83
35.105187	41.474973	0.500000	83
35.281516	42.459304	0.500000	83
36.206441	-22.437611	0.500000	84
35.210151	-22.523677	0.500000	84
34.210630	-22.492725	0.500000	84
33.217199	-22.378296	0.500000	84
32.218121	-22.335372	0.500000	84
31.242528	-22.115786	0.500000	84
30.285293	-21.826472	0.500000	84
29.311940	-21.597163	0.500000	84
28.327110	-21.423640	0.500000	84
27.347037	-21.224999	0.500000	84
26.361250	-21.057003	0.500000	84
25.397429	-20.790452	0.500000	84
24.442291	-20.494290	0.500000	84
23.485463	-20.203636	0.500000	84
22.526532	-19.919997	0.500000	84
21.551928	-19.696063	0.500000	84
20.576053	-19.477730	0.500000	84
19.586103	-19.336317	0.500000	84
18.611956	-19.110399	0.500000	84
17.634969	-18.897099	0.500000	84
16.638373	-18.814665	0.500000	84
32.055201	37.427585	0.500000	85
32.555503	38.293437	0.500000	85
32.889168	39.236128	0.500000	85
33.207907	40.183971	0.500000	85
33.401044	41.165142	0.500000	85
33.589358	42.147251	0.500000	85
33.724733	43.138046	0.500000	85
33.908492	44.121017	0.500000	85
34.125670	45.097149	0.500000	85
34.397265	46.059561	0.500000	85
34.682462	47.018030	0.500000	85
34.805911	48.010381	0.500000	85
34.935216	49.001985	0.500000	85
35.252519	49.950310	0.500000	85
35.313322	-49.051540	0.500000	85
35.422005	-48.057464	0.500000	85
35.793275	-47.128939	0.500000	85
36.153137	-46.195934	0.500000	85
36.384650	-45.223102	0.500000	85
36.448543	-44.225145	0.500000	85
36.635169	-43.242714	0.500000	85
-26.973122	-28.880011	0.500000	86
-27.970510	-28.952241	0.500000	86
-28.959029	-29.103338	0.500000	86
-29.875778	-29.502801	0.500000	86
-30.832902	-29.792481	0.500000	86
-31.750065	-30.190993	0.500000	86
-32.664789	-30.595071	0.500000	86
-33.584939	-30.986637	0.500000	86
-34.532197	-31.307111	0.500000	86
-35.433911	-31.739444	0.500000	86
-36.305114	-32.230367	0.500000	86
-37.237424	-32.592027	0.500000	86
-38.131287	-33.040367	0.500000	86
-39.024834	-33.489336	0.500000	86
-39.941499	-33.888992	0.500000	86
-40.872202	-34.254769	0.500000	86
-41.801892	-34.623111	0.500000	86
-42.780785	-34.827488	0.500000	86
-43.720993	-35.168087	0.500000	86
-44.644244	-35.552286	0.500000	86
-45.546099	-35.984323	0.500000	86
37.026608	46.113805	0.500000	87
37.942034	46.516292	0.500000	87
38.880984	46.860346	0.500000	87
39.854993	47.086853	0.500000	87
40.843389	47.238752	0.500000	87
41.828103	47.412933	0.500000	87
42.808123	47.611830	0.500000	87
43.785039	47.825454	0.500000	87
44.783128	47.887246	0.500000	87
45.780902	47.820548	0.500000	87
46.780651	47.798180	0.500000	87
47.768881	47.951158	0.500000	87
48.727996	48.234175	0.500000	87
49.702428	48.458858	0.500000	87
-49.314487	48.642008	0.500000	87
-48.347708	48.897622	0.500000	87
-47.395014	49.201552	0.500000	87
-46.427296	49.453588	0.500000	87
-45.453530	49.681139	0.500000	87
-44.465847	49.837606	0.500000	87
-43.467631	49.897307	0.500000	87
-38.846964	36.544511	0.500000	88
-39.841365	36.438833	0.500000	88
-40.841189	36.420078	0.500000	88
-41.835040	36.309353	0.500000	88
-42.834871	36.327726	0.500000	88
-43.821439	36.491078	0.500000	88
-44.807783	36.655775	0.500000	88
-45.781856	36.882009	0.500000	88
-46.718056	37.233476	0.500000	88
-47.624648	37.655485	0.500000	88
-48.450311	38.219649	0.500000	88
-49.342242	38.671819	0.500000	88
49.714726	39.004522	0.500000	88
48.752229	39.275816	0.500000	88
47.787440	39.538839	0.500000	88
46.796458	39.672835	0.500000	88
45.806882	39.816844	0.500000	88
44.816594	39.955881	0.500000	88
43.817468	39.997672	0.500000	88
42.820929	40.080793	0.500000	88
41.829101	40.208377	0.500000	88
-30.862528	24.004371	0.500000	89
-31.678755	24.582101	0.500000	89
-32.512433	25.134353	0.500000	89
-33.393040	25.608200	0.500000	89
-34.232213	26.152065	0.500000	89
-35.045899	26.733370	0.500000	89
-35.918611	27.221605	0.500000	89
-36.813450	27.667994	0.500000	89
-37.722479	28.084727	0.500000	89
-38.644048	28.472940	0.500000	89
-39.563982	28.865014	0.500000	89
-40.445679	29.336830	0.500000	89
-41.249932	29.931118	0.500000	89
-42.100015	30.457766	0.500000	89
-42.910567	31.043433	0.500000	89
-43.689267	31.670829	0.500000	89
-44.467457	32.298857	0.500000	89
-45.166289	33.014144	0.500000	89
-45.875814	33.718824	0.500000	89
-46.383188	34.580550	0.500000	89
-46.846808	35.466584	0.500000	89
39.983146	-25.310101	0.500000	90
39.054629	-24.938809	0.500000	90
38.115894	-24.594170	0.500000	90
37.183774	-24.232021	0.500000	90
36.240976	-23.898657	0.500000	90
35.308492	-23.537445	0.500000	90
34.360662	-23.218668	0.500000	90
33.487883	-22.730553	0.500000	90
32.695048	-22.121116	0.500000	90
31.980899	-21.421122	0.500000	90
31.288123	-20.699970	0.500000	90
30.572695	-20.001283	0.500000	90
29.871361	-19.288450	0.500000	90
29.193399	-18.553354	0.500000	90
28.469680	-17.863259	0.500000	90
27.885734	-17.051466	0.500000	90
27.167451	-16.355715	0.500000	90
26.483358	-15.626321	0.500000	90
25.746831	-14.949912	0.500000	90
25.025278	-14.257553	0.500000	90
24.265963	-13.606830	0.500000	90
30.752543	46.133078	0.500000	91
31.690867	45.787322	0.500000	91
32.462764	45.151574	0.500000	91
33.146421	44.421771	0.500000	91
33.894762	43.758456	0.500000	91
34.660799	43.115660	0.500000	91
35.340074	42.381776	0.500000	91
35.931431	41.575366	0.500000	91
36.421414	40.703634	0.500000	91
36.972178	39.868973	0.500000	91
37.558155	39.058646	0.500000	91
38.050509	38.188251	0.500000	91
38.496863	37.293394	0.500000	91
38.854633	36.359584	0.500000	91
39.185384	35.415866	0.500000	91
39.440351	34.448917	0.500000	91
39.633490	33.467745	0.500000	91
39.750975	32.474670	0.500000	91
39.937019	31.492129	0.500000	91
40.194330	30.525800	0.500000	91
40.584171	29.604918	0.500000	91
37.825002	14.171608	0.500000	92
38.107144	15.130981	0.500000	92
38.253704	16.120182	0.500000	92
38.406967	17.108368	0.500000	92
38.450675	18.107412	0.500000	92
38.644024	19.088542	0.500000	92
38.857360	20.065521	0.500000	92
39.189621	21.008709	0.500000	92
39.458198	21.971967	0.500000	92
39.621488	22.958545	0.500000	92
39.640655	23.958361	0.500000	92
39.670574	24.957914	0.500000	92
39.692521	25.957673	0.500000	92
39.823180	26.949100	0.500000	92
40.077370	27.916254	0.500000	92
40.352868	28.877556	0.500000	92
40.664187	29.827862	0.500000	92
40.984631	30.775129	0.500000	92
41.282535	31.729725	0.500000	92
41.564840	32.689050	0.500000	92
41.981791	33.597978	0.500000	92
1.565491	-13.773010	0.500000	93
2.389675	-14.339332	0.500000	93
3.186268	-14.943848	0.500000	93
4.014485	-15.504257	0.500000	93
4.840464	-16.067957	0.500000	93
5.661619	-16.638663	0.500000	93
6.477793	-17.216468	0.500000	93
7.254847	-17.845902	0.500000	93
8.108436	-18.366850	0.500000	93
8.990818	-18.837382	0.500000	93
9.875054	-19.304423	0.500000	93
10.755136	-19.779246	0.500000	93
11.649636	-20.226314	0.500000	93
12.582869	-20.585584	0.500000	93
13.543070	-20.864896	0.500000	93
14.443500	-21.299897	0.500000	93
15.321097	-21.779295	0.500000	93
16.176784	-22.296788	0.500000	93
17.059215	-22.767231	0.500000	93
17.973907	-23.171382	0.500000	93
18.856368	-23.641768	0.500000	93
12.032470	26.810965	0.500000	94
11.473509	25.981771	0.500000	94
10.917533	25.150573	0.500000	94
10.462492	24.260102	0.500000	94
9.899723	23.433488	0.500000	94
9.363285	22.589548	0.500000	94
8.932405	21.687139	0.500000	94
8.470191	20.800370	0.500000	94
7.944995	19.949389	0.500000	94
7.403929	19.108409	0.500000	94
6.929984	18.227855	0.500000	94
6.501826	17.324151	0.500000	94
6.137182	16.393004	0.500000	94
5.830553	15.441175	0.500000	94
5.566974	14.476537	0.500000	94
5.212804	13.541356	0.500000	94
4.887804	12.595642	0.500000	94
4.508157	11.670510	0.500000	94
3.983108	10.819438	0.500000	94
3.600753	9.895423	0.500000	94
3.160475	8.997561	0.500000	94
49.042911	46.579396	0.500000	95
48.066050	46.793268	0.500000	95
47.107821	47.079272	0.500000	95
46.116745	47.212568	0.500000	95
45.155307	47.487591	0.500000	95
44.168978	47.652377	0.500000	95
43.209181	47.933070	0.500000	95
42.252512	48.224250	0.500000	95
41.274826	48.434320	0.500000	95
40.292609	48.622070	0.500000	95
39.293691	48.668570	0.500000	95
38.294290	48.633957	0.500000	95
37.301535	48.513800	0.500000	95
36.301708	48.532431	0.500000	95
35.322669	48.328761	0.500000	95
34.340855	48.138916	0.500000	95
33.372309	47.890081	0.500000	95
32.400000	47.656383	0.500000	95
31.414350	47.487576	0.500000	95
30.427754	47.324397	0.500000	95
29.428237	47.293309	0.500000	95
12.697299	-31.167493	0.500000	96
12.159565	-30.324378	0.500000	96
11.588474	-29.503492	0.500000	96
11.126150	-28.616780	0.500000	96
10.642959	-27.741266	0.500000	96
10.292830	-26.804564	0.500000	96
9.986183	-25.852741	0.500000	96
9.761566	-24.878294	0.500000	96
9.500584	-23.912950	0.500000	96
9.326288	-22.928257	0.500000	96
9.243753	-21.931669	0.500000	96
9.291378	-20.932803	0.500000	96
9.408735	-19.939713	0.500000	96
9.529583	-18.947042	0.500000	96
9.807073	-17.986314	0.500000	96
10.063685	-17.019799	0.500000	96
10.368676	-16.067444	0.500000	96
10.785341	-15.158384	0.500000	96
11.313891	-14.309482	0.500000	96
11.787098	-13.428530	0.500000	96
12.348976	-12.601311	0.500000	96
-25.329608	-42.195667	0.500000	97
-26.181548	-42.719305	0.500000	97
-27.033396	-43.243095	0.500000	97
-27.957774	-43.624572	0.500000	97
-28.891088	-43.983633	0.500000	97
-29.840436	-44.297860	0.500000	97
-30.819523	-44.501300	0.500000	97
-31.797307	-44.710915	0.500000	97
-32.728309	-45.075930	0.500000	97
-33.643911	-45.478017	0.500000	97
-34.587912	-45.807958	0.500000	97
-35.504756	-46.207205	0.500000	97
-36.331853	-46.769264	0.500000	97
-37.115034	-47.391057	0.500000	97
-37.803934	-48.115914	0.500000	97
-38.339692	-48.960286	0.500000	97
-38.798699	-49.848719	0.500000	97
-39.265909	49.267135	0.500000	97
-39.657058	48.346808	0.500000	97
-40.190708	47.501102	0.500000	97
-40.595280	46.586596	0.500000	97
42.615320	-26.654406	0.500000	98
42.142713	-27.535680	0.500000	98
41.655907	-28.409190	0.500000	98
41.214447	-29.306470	0.500000	98
40.881593	-30.249449	0.500000	98
40.447280	-31.150211	0.500000	98
39.874455	-31.969889	0.500000	98
39.336831	-32.813073	0.500000	98
38.610202	-33.500103	0.500000	98
37.937722	-34.240218	0.500000	98
37.173594	-34.885283	0.500000	98
36.338612	-35.435560	0.500000	98
35.508075	-35.992525	0.500000	98
34.762239	-36.658654	0.500000	98
34.080947	-37.390666	0.500000	98
33.461782	-38.175927	0.500000	98
32.765101	-38.893308	0.500000	98
32.078242	-39.620098	0.500000	98
31.430084	-40.381604	0.500000	98
30.691360	-41.055612	0.500000	98
29.885896	-41.648257	0.500000	98
-2.491819	-42.594281	0.500000	99
-2.689672	-41.614050	0.500000	99
-2.792774	-40.619379	0.500000	99
-2.859220	-39.621589	0.500000	99
-2.960788	-38.626760	0.500000	99
-3.085584	-37.634578	0.500000	99
-3.144402	-36.636309	0.500000	99
-3.088339	-35.637882	0.500000	99
-3.133829	-34.638917	0.500000	99
-3.085863	-33.640068	0.500000	99
-3.047882	-32.640790	0.500000	99
-2.925622	-31.648292	0.500000	99
-2.953238	-30.648673	0.500000	99
-2.950710	-29.648676	0.500000	99
-2.872993	-28.651701	0.500000	99
-2.798296	-27.654494	0.500000	99
-2.631988	-26.668421	0.500000	99
-2.409018	-25.693595	0.500000	99
-2.125904	-24.734509	0.500000	99
-1.794101	-23.791160	0.500000	99
-1.245118	-22.955327	0.500000	99
