11.688918	-14.464985	0.500000	0
11.718045	-13.432880	0.500000	0
11.825144	-12.522122	0.500000	0
12.068147	-11.585275	0.500000	0
12.284340	-10.565447	0.500000	0
12.343526	-9.575023	0.500000	0
12.831403	-8.653629	0.500000	0
13.369154	-7.880851	0.500000	0
13.922825	-7.110054	0.500000	0
14.346683	-6.194928	0.500000	0
14.606791	-5.235210	0.500000	0
14.510160	-4.199500	0.500000	0
14.091348	-3.179866	0.500000	0
13.408786	-2.543436	0.500000	0
12.713761	-1.920444	0.500000	0
11.907545	-1.253834	0.500000	0
11.109069	-0.627099	0.500000	0
10.063357	-0.403122	0.500000	0
9.266772	0.047178	0.500000	0
8.392318	0.607237	0.500000	0
7.512621	1.016107	0.500000	0
27.286024	42.016452	0.500000	1
28.163518	42.589981	0.500000	1
29.088151	42.951138	0.500000	1
30.269135	43.255960	0.500000	1
31.080415	43.794470	0.500000	1
31.842157	44.502913	0.500000	1
32.220958	45.464803	0.500000	1
32.606298	46.371264	0.500000	1
32.540590	47.301114	0.500000	1
32.522195	48.358417	0.500000	1
32.877366	49.385619	0.500000	1
32.977607	-49.533852	0.500000	1
33.369020	-48.561573	0.500000	1
33.499315	-47.629823	0.500000	1
33.555521	-46.520715	0.500000	1
33.391589	-45.655097	0.500000	1
33.291601	-44.771196	0.500000	1
33.077325	-43.784203	0.500000	1
33.399895	-42.820906	0.500000	1
33.766449	-41.863951	0.500000	1
33.869085	-40.932539	0.500000	1
-11.766617	-7.713859	0.500000	2
-10.947470	-7.080185	0.500000	2
-10.390022	-6.299755	0.500000	2
-9.992802	-5.398525	0.500000	2
-9.398235	-4.558663	0.500000	2
-8.852526	-3.787341	0.500000	2
-8.475719	-2.950225	0.500000	2
-8.113634	-1.971852	0.500000	2
-7.602022	-1.059296	0.500000	2
-7.225611	-0.123434	0.500000	2
-6.937333	0.920504	0.500000	2
-6.655210	1.977612	0.500000	2
-6.455846	2.958178	0.500000	2
-6.444417	4.073824	0.500000	2
-6.893933	5.014970	0.500000	2
-7.089908	6.102464	0.500000	2
-7.218496	7.137111	0.500000	2
-7.361721	8.009921	0.500000	2
-7.359196	9.008626	0.500000	2
-7.780654	9.991362	0.500000	2
-7.723731	11.015564	0.500000	2
33.796931	2.343575	0.500000	3
33.707494	1.400732	0.500000	3
33.382672	0.443673	0.500000	3
33.021854	-0.556857	0.500000	3
32.757807	-1.481548	0.500000	3
32.365482	-2.543204	0.500000	3
32.113923	-3.532637	0.500000	3
32.189854	-4.657397	0.500000	3
32.172316	-5.732335	0.500000	3
31.890712	-6.640326	0.500000	3
31.836342	-7.600079	0.500000	3
32.022579	-8.578693	0.500000	3
32.288518	-9.531234	0.500000	3
32.454489	-10.606059	0.500000	3
32.439838	-11.569126	0.500000	3
32.328296	-12.564201	0.500000	3
31.954308	-13.410611	0.500000	3
31.434669	-14.228798	0.500000	3
30.670160	-14.890421	0.500000	3
29.996485	-15.555403	0.500000	3
29.194632	-16.076236	0.500000	3
-37.374330	-13.027630	0.500000	4
-36.571963	-12.405069	0.500000	4
-35.956388	-11.649132	0.500000	4
-35.627319	-10.818990	0.500000	4
-35.078206	-10.019852	0.500000	4
-34.527909	-9.129203	0.500000	4
-34.148886	-8.059528	0.500000	4
-33.713334	-7.208457	0.500000	4
-33.550252	-6.254635	0.500000	4
-33.045497	-5.278466	0.500000	4
-32.454455	-4.409118	0.500000	4
-32.120742	-3.543653	0.500000	4
-32.046176	-2.579775	0.500000	4
-32.530118	-1.686011	0.500000	4
-32.979574	-0.809805	0.500000	4
-33.319159	0.067368	0.500000	4
-34.039835	0.910516	0.500000	4
-34.720993	1.627512	0.500000	4
-35.563946	2.208718	0.500000	4
-36.452669	2.459271	0.500000	4
-37.410551	2.702487	0.500000	4
-17.183750	-8.869839	0.500000	5
-17.377769	-9.870796	0.500000	5
-18.080215	-10.611274	0.500000	5
-18.749996	-11.371429	0.500000	5
-19.617153	-12.006809	0.500000	5
-20.309305	-12.720636	0.500000	5
-20.936933	-13.427302	0.500000	5
-21.394382	-14.251705	0.500000	5
-21.866841	-15.145614	0.500000	5
-22.511302	-15.921203	0.500000	5
-23.063580	-16.583322	0.500000	5
-23.920694	-17.162112	0.500000	5
-24.614355	-17.951151	0.500000	5
-25.019259	-18.906866	0.500000	5
-25.284525	-19.893841	0.500000	5
-25.850507	-20.764434	0.500000	5
-26.026676	-21.688896	0.500000	5
-26.496145	-22.623710	0.500000	5
-27.112500	-23.486724	0.500000	5
-27.176604	-24.530552	0.500000	5
-27.589021	-25.510912	0.500000	5
-16.875252	29.654094	0.500000	6
-17.196567	28.807206	0.500000	6
-17.894658	28.109692	0.500000	6
-18.497708	27.333960	0.500000	6
-19.180581	26.656405	0.500000	6
-19.940262	25.827754	0.500000	6
-20.762280	25.208710	0.500000	6
-21.602064	24.563602	0.500000	6
-22.504524	23.901144	0.500000	6
-23.344356	23.421684	0.500000	6
-24.262411	22.848939	0.500000	6
-25.254186	22.614127	0.500000	6
-26.206063	22.158993	0.500000	6
-27.169116	21.957240	0.500000	6
-28.158205	22.004682	0.500000	6
-29.064284	22.176115	0.500000	6
-29.963742	22.515991	0.500000	6
-30.908984	22.633065	0.500000	6
-31.755730	22.898459	0.500000	6
-32.647240	23.499192	0.500000	6
-33.566493	24.110151	0.500000	6
25.350222	-34.788966	0.500000	7
24.583747	-35.421785	0.500000	7
23.778656	-36.116581	0.500000	7
22.921427	-36.487954	0.500000	7
22.038842	-36.725068	0.500000	7
21.076827	-37.004899	0.500000	7
20.123477	-37.092656	0.500000	7
19.109512	-37.301021	0.500000	7
18.225276	-37.290844	0.500000	7
17.282841	-37.007603	0.500000	7
16.459602	-36.744350	0.500000	7
15.432327	-36.315829	0.500000	7
14.484741	-35.835940	0.500000	7
13.597876	-35.394513	0.500000	7
12.755278	-35.174621	0.500000	7
11.743270	-35.384458	0.500000	7
10.820064	-35.611082	0.500000	7
9.919231	-35.595997	0.500000	7
8.880522	-35.259453	0.500000	7
7.890327	-34.911231	0.500000	7
6.860883	-34.551378	0.500000	7
-2.631365	21.485893	0.500000	8
-3.252724	20.723295	0.500000	8
-3.839841	19.933002	0.500000	8
-4.436697	19.094373	0.500000	8
-4.911182	18.216688	0.500000	8
-4.984422	17.287921	0.500000	8
-4.738758	16.332263	0.500000	8
-4.622486	15.248343	0.500000	8
-4.288009	14.224044	0.500000	8
-3.814397	13.360180	0.500000	8
-3.431485	12.412043	0.500000	8
-3.281188	11.419613	0.500000	8
-3.186506	10.444294	0.500000	8
-3.064965	9.469859	0.500000	8
-3.390284	8.549346	0.500000	8
-3.817473	7.714253	0.500000	8
-4.300030	6.786361	0.500000	8
-5.015741	6.022314	0.500000	8
-5.798225	5.401696	0.500000	8
-6.727062	4.865066	0.500000	8
-7.486803	4.222037	0.500000	8
-4.267407	-24.429260	0.500000	9
-3.644600	-25.251728	0.500000	9
-2.826620	-25.911811	0.500000	9
-1.869645	-26.214491	0.500000	9
-0.929530	-26.456437	0.500000	9
0.027620	-26.790441	0.500000	9
0.902108	-27.137989	0.500000	9
1.694233	-27.539735	0.500000	9
2.049843	-28.385300	0.500000	9
2.266361	-29.364962	0.500000	9
1.852978	-30.314909	0.500000	9
1.583856	-31.270160	0.500000	9
1.190590	-32.111929	0.500000	9
0.558017	-32.907583	0.500000	9
0.036409	-33.763614	0.500000	9
-0.588637	-34.542064	0.500000	9
-1.094318	-35.413917	0.500000	9
-1.923827	-36.153353	0.500000	9
-2.693225	-36.776020	0.500000	9
-3.340863	-37.507513	0.500000	9
-3.930503	-38.283494	0.500000	9
-41.104880	-2.577490	0.500000	10
-42.130595	-2.263717	0.500000	10
-43.040432	-2.291113	0.500000	10
-44.073087	-2.423801	0.500000	10
-45.140378	-2.471834	0.500000	10
-46.046666	-2.310232	0.500000	10
-47.060800	-2.023680	0.500000	10
-47.886676	-1.571472	0.500000	10
-48.850042	-1.122246	0.500000	10
-49.759887	-0.878841	0.500000	10
49.180314	-0.953053	0.500000	10
48.244139	-1.320886	0.500000	10
47.343718	-1.584634	0.500000	10
46.442484	-1.803383	0.500000	10
45.689335	-2.342244	0.500000	10
44.887007	-2.882446	0.500000	10
43.933241	-3.241377	0.500000	10
42.910346	-3.622547	0.500000	10
42.054602	-4.404337	0.500000	10
41.248937	-4.962926	0.500000	10
40.472741	-5.540735	0.500000	10
11.824202	-9.526151	0.500000	11
12.024904	-8.568006	0.500000	11
12.059534	-7.718546	0.500000	11
11.898612	-6.687619	0.500000	11
11.623029	-5.760791	0.500000	11
11.111209	-4.990989	0.500000	11
10.400497	-4.360980	0.500000	11
9.414563	-3.987591	0.500000	11
8.432947	-3.574521	0.500000	11
7.574058	-3.526485	0.500000	11
6.497073	-3.538024	0.500000	11
5.551701	-3.561524	0.500000	11
4.553163	-3.622685	0.500000	11
3.669036	-3.424899	0.500000	11
2.706063	-3.429264	0.500000	11
1.844194	-3.118208	0.500000	11
1.040542	-2.727028	0.500000	11
0.268572	-2.256706	0.500000	11
-0.663881	-2.025250	0.500000	11
-1.484259	-1.263381	0.500000	11
-2.083860	-0.362168	0.500000	11
-6.170991	24.447250	0.500000	12
-6.218441	25.481210	0.500000	12
-6.196745	26.535121	0.500000	12
-6.003690	27.479745	0.500000	12
-6.155133	28.614267	0.500000	12
-6.302780	29.737596	0.500000	12
-6.475669	30.727606	0.500000	12
-6.412936	31.801756	0.500000	12
-6.009171	32.690969	0.500000	12
-5.554583	33.624593	0.500000	12
-5.097125	34.609779	0.500000	12
-4.584547	35.508700	0.500000	12
-3.996590	36.329604	0.500000	12
-3.837258	37.405506	0.500000	12
-3.656333	38.391056	0.500000	12
-3.694196	39.400845	0.500000	12
-3.960415	40.393479	0.500000	12
-3.921763	41.325717	0.500000	12
-3.538587	42.256502	0.500000	12
-3.221527	43.200622	0.500000	12
-3.317442	44.225723	0.500000	12
12.515091	3.743838	0.500000	13
12.922486	2.872865	0.500000	13
13.374330	1.917812	0.500000	13
13.561557	0.990834	0.500000	13
13.568251	-0.082376	0.500000	13
13.739425	-0.998291	0.500000	13
14.059611	-1.787359	0.500000	13
14.558533	-2.686844	0.500000	13
14.859462	-3.763785	0.500000	13
14.532833	-4.649017	0.500000	13
13.874464	-5.421882	0.500000	13
13.240063	-6.273967	0.500000	13
12.530831	-7.010177	0.500000	13
11.911700	-7.793771	0.500000	13
11.177400	-8.409985	0.500000	13
10.535206	-9.198615	0.500000	13
9.979183	-10.104906	0.500000	13
9.663177	-11.098892	0.500000	13
9.626662	-12.065845	0.500000	13
9.511852	-13.042174	0.500000	13
9.152156	-13.921742	0.500000	13
39.160235	16.893960	0.500000	14
40.058941	16.567549	0.500000	14
41.096406	16.521663	0.500000	14
41.962927	16.727608	0.500000	14
42.818576	17.110223	0.500000	14
43.863826	17.321170	0.500000	14
44.901735	17.337125	0.500000	14
45.757387	17.073471	0.500000	14
46.809203	16.803667	0.500000	14
47.825624	16.544105	0.500000	14
48.769177	15.986137	0.500000	14
49.726783	15.683298	0.500000	14
-49.286740	15.484012	0.500000	14
-48.437465	15.917751	0.500000	14
-47.458465	16.182203	0.500000	14
-46.470393	16.465377	0.500000	14
-45.458381	16.635032	0.500000	14
-44.538844	16.995599	0.500000	14
-43.526749	17.293903	0.500000	14
-42.563913	17.551303	0.500000	14
-41.745078	17.977285	0.500000	14
-14.163884	43.590777	0.500000	15
-14.369894	44.526800	0.500000	15
-14.725095	45.471744	0.500000	15
-15.100966	46.403397	0.500000	15
-15.495784	47.282744	0.500000	15
-15.643799	48.255068	0.500000	15
-15.687610	49.378136	0.500000	15
-15.529387	-49.616290	0.500000	15
-15.689423	-48.652848	0.500000	15
-15.974067	-47.701806	0.500000	15
-16.053443	-46.687082	0.500000	15
-16.593705	-45.760444	0.500000	15
-16.984642	-44.749607	0.500000	15
-17.111321	-43.748858	0.500000	15
-17.320424	-42.789034	0.500000	15
-17.437020	-41.747708	0.500000	15
-17.644465	-40.739944	0.500000	15
-17.631675	-39.756479	0.500000	15
-17.483660	-38.745162	0.500000	15
-17.403690	-37.742573	0.500000	15
-17.349662	-36.812517	0.500000	15
-22.392842	5.737332	0.500000	16
-22.518643	6.759530	0.500000	16
-22.780492	7.696099	0.500000	16
-22.578774	8.649249	0.500000	16
-22.123961	9.580536	0.500000	16
-21.993167	10.513311	0.500000	16
-22.336842	11.397593	0.500000	16
-22.785660	12.183028	0.500000	16
-23.404978	13.068288	0.500000	16
-23.910604	13.910823	0.500000	16
-24.531005	14.547525	0.500000	16
-25.189944	15.405777	0.500000	16
-26.031052	16.077034	0.500000	16
-26.795105	16.725192	0.500000	16
-27.493003	17.313032	0.500000	16
-28.360070	17.858895	0.500000	16
-29.190666	18.517331	0.500000	16
-30.142624	18.933211	0.500000	16
-31.145653	19.128567	0.500000	16
-32.166676	19.204748	0.500000	16
-33.217332	19.344230	0.500000	16
-47.021788	-41.575431	0.500000	17
-47.549882	-40.820499	0.500000	17
-48.184140	-39.965927	0.500000	17
-48.879417	-39.356995	0.500000	17
-49.755404	-38.857608	0.500000	17
49.454819	-38.226531	0.500000	17
48.571056	-37.775008	0.500000	17
47.521551	-37.441912	0.500000	17
46.724501	-36.895030	0.500000	17
45.926814	-36.262240	0.500000	17
45.003681	-35.665073	0.500000	17
44.034879	-35.350617	0.500000	17
43.126115	-35.036542	0.500000	17
42.183290	-34.952483	0.500000	17
41.220847	-34.910323	0.500000	17
40.161482	-35.110210	0.500000	17
39.224161	-35.023950	0.500000	17
38.470451	-34.498476	0.500000	17
37.702859	-33.810025	0.500000	17
36.701520	-33.319870	0.500000	17
35.868761	-32.758126	0.500000	17
18.025193	-38.064253	0.500000	18
18.652896	-37.388715	0.500000	18
19.318427	-36.600974	0.500000	18
20.080152	-35.827196	0.500000	18
20.646744	-35.113680	0.500000	18
21.358832	-34.253464	0.500000	18
21.888844	-33.372786	0.500000	18
22.324595	-32.484182	0.500000	18
22.959721	-31.867390	0.500000	18
23.707498	-31.039651	0.500000	18
24.126716	-30.204418	0.500000	18
24.944819	-29.612290	0.500000	18
25.478637	-28.847789	0.500000	18
25.832129	-27.967521	0.500000	18
25.892163	-27.087906	0.500000	18
26.234129	-26.155016	0.500000	18
26.469396	-25.165203	0.500000	18
26.869133	-24.374130	0.500000	18
27.357628	-23.683725	0.500000	18
28.020647	-23.000185	0.500000	18
28.703002	-22.354327	0.500000	18
-0.753112	11.692502	0.500000	19
-1.142381	12.584711	0.500000	19
-1.464179	13.578603	0.500000	19
-1.990715	14.397320	0.500000	19
-2.539244	15.170117	0.500000	19
-3.381036	15.707696	0.500000	19
-4.350386	15.990736	0.500000	19
-5.314298	16.103582	0.500000	19
-6.322985	16.332603	0.500000	19
-7.265068	16.736507	0.500000	19
-8.170577	16.430834	0.500000	19
-9.225599	16.155202	0.500000	19
-10.161204	15.890027	0.500000	19
-11.010596	15.717136	0.500000	19
-11.936434	15.818140	0.500000	19
-12.984326	15.659988	0.500000	19
-14.009972	15.487117	0.500000	19
-14.996381	15.427552	0.500000	19
-15.905547	15.106959	0.500000	19
-16.867948	14.923034	0.500000	19
-17.864908	14.745310	0.500000	19
-47.557038	44.932169	0.500000	20
-48.342180	44.405027	0.500000	20
-49.062918	43.771494	0.500000	20
-49.481354	42.808568	0.500000	20
-49.629348	41.895923	0.500000	20
-49.989229	41.000934	0.500000	20
49.421349	40.173814	0.500000	20
48.871334	39.344511	0.500000	20
48.170093	38.614981	0.500000	20
47.459893	37.816262	0.500000	20
46.731357	37.009328	0.500000	20
45.888535	36.429098	0.500000	20
45.213964	35.619419	0.500000	20
44.555716	34.733709	0.500000	20
43.679255	34.225676	0.500000	20
42.909085	33.727364	0.500000	20
42.288850	32.916668	0.500000	20
41.703174	32.129166	0.500000	20
41.440192	31.190272	0.500000	20
41.313237	30.203331	0.500000	20
41.419790	29.183524	0.500000	20
-47.282763	-43.981106	0.500000	21
-48.304641	-44.210046	0.500000	21
-49.317515	-44.461976	0.500000	21
49.891512	-44.128122	0.500000	21
48.946985	-43.799419	0.500000	21
47.951435	-43.549623	0.500000	21
47.228344	-42.815883	0.500000	21
46.503360	-42.190212	0.500000	21
45.961942	-41.294645	0.500000	21
45.374157	-40.488093	0.500000	21
44.721527	-39.724494	0.500000	21
43.947255	-38.985261	0.500000	21
43.277300	-38.178032	0.500000	21
42.593245	-37.553229	0.500000	21
41.732632	-36.986795	0.500000	21
40.566281	-36.807360	0.500000	21
39.531428	-36.766502	0.500000	21
38.475856	-36.850703	0.500000	21
37.393104	-36.925629	0.500000	21
36.359555	-36.632834	0.500000	21
35.316334	-36.491085	0.500000	21
24.727689	-35.969188	0.500000	22
23.784635	-36.200563	0.500000	22
22.793958	-36.449153	0.500000	22
21.835188	-36.516978	0.500000	22
20.913557	-36.326777	0.500000	22
19.931823	-36.356833	0.500000	22
19.002274	-36.607092	0.500000	22
18.057739	-36.855538	0.500000	22
17.102827	-37.151927	0.500000	22
16.042377	-37.223116	0.500000	22
15.021642	-37.269506	0.500000	22
14.079882	-37.691694	0.500000	22
13.152711	-37.998565	0.500000	22
12.162810	-38.415685	0.500000	22
11.311377	-39.047016	0.500000	22
10.438878	-39.392991	0.500000	22
9.563965	-39.928639	0.500000	22
8.699619	-40.548934	0.500000	22
7.927682	-40.950415	0.500000	22
7.219402	-41.541351	0.500000	22
6.368442	-41.912275	0.500000	22
-19.625128	-17.678730	0.500000	23
-18.845520	-17.063618	0.500000	23
-18.248732	-16.270253	0.500000	23
-17.706112	-15.504612	0.500000	23
-16.898636	-14.945715	0.500000	23
-16.545821	-13.954581	0.500000	23
-16.651836	-12.920371	0.500000	23
-16.607297	-11.848082	0.500000	23
-16.629372	-10.816952	0.500000	23
-16.727029	-9.853150	0.500000	23
-16.991024	-8.921286	0.500000	23
-17.095762	-7.980887	0.500000	23
-17.486942	-7.060835	0.500000	23
-17.595030	-6.050684	0.500000	23
-17.657265	-5.114680	0.500000	23
-17.638440	-4.233377	0.500000	23
-17.085377	-3.484030	0.500000	23
-16.782998	-2.556913	0.500000	23
-16.885923	-1.488521	0.500000	23
-16.697589	-0.461148	0.500000	23
-16.431835	0.310491	0.500000	23
-6.763733	28.412448	0.500000	24
-7.681240	28.021443	0.500000	24
-8.561931	27.491370	0.500000	24
-9.364628	26.959060	0.500000	24
-10.231219	26.248161	0.500000	24
-11.064572	25.527197	0.500000	24
-11.910691	25.099920	0.500000	24
-12.782935	25.182709	0.500000	24
-13.772674	25.307057	0.500000	24
-14.587125	25.913375	0.500000	24
-15.329775	26.601559	0.500000	24
-16.017235	27.240114	0.500000	24
-16.667095	27.944283	0.500000	24
-17.436663	28.528628	0.500000	24
-18.325904	28.872898	0.500000	24
-18.969650	29.509905	0.500000	24
-19.641696	30.234777	0.500000	24
-20.274719	31.082756	0.500000	24
-20.178921	31.981608	0.500000	24
-20.110976	32.918304	0.500000	24
-20.158154	33.987583	0.500000	24
25.765859	-41.040733	0.500000	25
24.758565	-40.895252	0.500000	25
23.719445	-40.744803	0.500000	25
22.632844	-40.587473	0.500000	25
21.647883	-40.273837	0.500000	25
20.675265	-40.301508	0.500000	25
19.586515	-40.235981	0.500000	25
18.830151	-39.656188	0.500000	25
17.894731	-39.448800	0.500000	25
16.819807	-39.407315	0.500000	25
15.848880	-38.980824	0.500000	25
14.891258	-38.526439	0.500000	25
14.140571	-37.953024	0.500000	25
13.690179	-37.067799	0.500000	25
13.530973	-36.105522	0.500000	25
13.571182	-35.052754	0.500000	25
13.853932	-34.186319	0.500000	25
13.824747	-33.216962	0.500000	25
13.843904	-32.258872	0.500000	25
13.784114	-31.168323	0.500000	25
13.536330	-30.259428	0.500000	25
47.909329	15.071738	0.500000	26
47.386514	14.131713	0.500000	26
47.021112	13.298377	0.500000	26
46.796687	12.254102	0.500000	26
46.850766	11.277031	0.500000	26
46.497716	10.251444	0.500000	26
46.161757	9.337095	0.500000	26
45.690437	8.509925	0.500000	26
45.152990	7.604506	0.500000	26
44.754512	6.719651	0.500000	26
44.684037	5.672808	0.500000	26
44.772760	4.766417	0.500000	26
45.165392	3.769389	0.500000	26
45.436866	2.848837	0.500000	26
45.765963	1.975479	0.500000	26
45.722828	0.849726	0.500000	26
45.744753	-0.104903	0.500000	26
45.695005	-1.117498	0.500000	26
45.909162	-2.302317	0.500000	26
45.936907	-3.279128	0.500000	26
46.080560	-4.210151	0.500000	26
-18.568044	9.511213	0.500000	27
-18.387061	8.582144	0.500000	27
-18.293482	7.577734	0.500000	27
-18.436312	6.586194	0.500000	27
-18.706919	5.604008	0.500000	27
-18.868419	4.709336	0.500000	27
-19.292682	3.628920	0.500000	27
-19.339027	2.572747	0.500000	27
-18.889800	1.717116	0.500000	27
-18.266484	0.951844	0.500000	27
-17.733870	0.104544	0.500000	27
-17.110324	-0.705134	0.500000	27
-16.980776	-1.622841	0.500000	27
-16.902446	-2.639752	0.500000	27
-16.967067	-3.570187	0.500000	27
-17.028375	-4.525805	0.500000	27
-17.190150	-5.563572	0.500000	27
-17.500134	-6.443713	0.500000	27
-17.699279	-7.402963	0.500000	27
-17.567236	-8.417926	0.500000	27
-17.549706	-9.391005	0.500000	27
0.670045	9.045697	0.500000	28
-0.285557	9.471305	0.500000	28
-1.164468	9.956142	0.500000	28
-2.115140	10.378630	0.500000	28
-3.020892	10.523430	0.500000	28
-3.962265	10.954729	0.500000	28
-4.756454	11.370000	0.500000	28
-5.618291	11.939631	0.500000	28
-6.621250	12.208030	0.500000	28
-7.570625	12.330054	0.500000	28
-8.363271	12.735916	0.500000	28
-9.343024	13.138091	0.500000	28
-10.267313	13.383390	0.500000	28
-11.312512	13.620540	0.500000	28
-12.408466	13.623061	0.500000	28
-13.345173	13.451415	0.500000	28
-14.375403	13.218279	0.500000	28
-15.339931	12.901646	0.500000	28
-16.295137	12.695860	0.500000	28
-17.218974	13.170556	0.500000	28
-18.043703	13.688094	0.500000	28
-36.170795	11.999132	0.500000	29
-36.384963	11.030489	0.500000	29
-36.094043	10.077450	0.500000	29
-36.277651	9.072070	0.500000	29
-36.806629	8.342019	0.500000	29
-37.446256	7.574250	0.500000	29
-38.248527	6.968148	0.500000	29
-38.941924	6.241524	0.500000	29
-39.852052	5.693787	0.500000	29
-40.601584	5.147681	0.500000	29
-41.428328	4.538301	0.500000	29
-42.331736	4.257978	0.500000	29
-43.273157	4.206889	0.500000	29
-44.348883	4.332878	0.500000	29
-45.330091	4.482421	0.500000	29
-46.370447	4.464000	0.500000	29
-47.477027	4.286123	0.500000	29
-48.123107	3.625255	0.500000	29
-49.025073	3.097475	0.500000	29
-49.927448	2.623789	0.500000	29
49.249671	2.093864	0.500000	29
-44.713118	3.719098	0.500000	30
-45.753481	3.316069	0.500000	30
-46.767272	3.037195	0.500000	30
-47.710258	2.857859	0.500000	30
-48.705991	2.952012	0.500000	30
-49.679331	3.247203	0.500000	30
49.431538	3.506190	0.500000	30
48.563381	4.121710	0.500000	30
47.770353	4.704339	0.500000	30
46.885092	5.411729	0.500000	30
45.938767	5.903819	0.500000	30
45.200744	6.506963	0.500000	30
44.629895	7.405508	0.500000	30
44.087672	8.179044	0.500000	30
43.809291	9.052856	0.500000	30
43.709565	9.959185	0.500000	30
44.034812	10.850517	0.500000	30
44.498622	11.765942	0.500000	30
44.619485	12.866565	0.500000	30
44.710158	13.762302	0.500000	30
44.826053	14.855135	0.500000	30
39.767146	9.809753	0.500000	31
38.844885	10.043569	0.500000	31
37.886480	10.327312	0.500000	31
36.856037	10.472130	0.500000	31
35.989680	9.998848	0.500000	31
35.122394	9.413723	0.500000	31
34.216743	9.038447	0.500000	31
33.209310	8.808438	0.500000	31
32.171509	8.576774	0.500000	31
31.184187	8.433854	0.500000	31
30.144672	8.354606	0.500000	31
29.149053	8.234685	0.500000	31
28.145319	8.213311	0.500000	31
27.173284	8.550482	0.500000	31
26.173559	8.925288	0.500000	31
25.237056	9.157537	0.500000	31
24.373072	8.843955	0.500000	31
23.353723	8.744971	0.500000	31
22.469774	8.321138	0.500000	31
21.504266	8.465798	0.500000	31
20.503092	8.511240	0.500000	31
41.409489	15.842889	0.500000	32
42.167596	15.248459	0.500000	32
43.122982	14.740775	0.500000	32
43.940598	14.292483	0.500000	32
44.645866	13.550015	0.500000	32
45.154621	12.690125	0.500000	32
45.490521	11.808947	0.500000	32
45.707357	10.910640	0.500000	32
46.481263	10.315937	0.500000	32
47.167811	9.538816	0.500000	32
47.730888	8.742436	0.500000	32
48.124707	7.855194	0.500000	32
48.308508	6.833653	0.500000	32
48.615295	5.821565	0.500000	32
49.205689	4.930969	0.500000	32
49.863572	4.057055	0.500000	32
-49.568301	3.326059	0.500000	32
-48.787688	2.547028	0.500000	32
-47.866760	2.034564	0.500000	32
-47.040339	1.381763	0.500000	32
-46.041503	1.106140	0.500000	32
45.841692	10.644564	0.500000	33
45.291548	11.497564	0.500000	33
44.834895	12.440620	0.500000	33
44.422433	13.407113	0.500000	33
44.147574	14.346238	0.500000	33
43.856332	15.337775	0.500000	33
43.381490	16.302515	0.500000	33
42.944631	17.197190	0.500000	33
42.312491	17.915556	0.500000	33
41.721464	18.698231	0.500000	33
40.851787	19.143905	0.500000	33
40.146894	19.911567	0.500000	33
39.382681	20.705286	0.500000	33
38.601416	21.414183	0.500000	33
38.156780	22.346822	0.500000	33
37.634476	23.138398	0.500000	33
37.161576	24.019302	0.500000	33
36.855619	24.839489	0.500000	33
36.741073	25.964435	0.500000	33
36.928328	26.897165	0.500000	33
37.108074	27.829344	0.500000	33
-34.089928	26.712360	0.500000	34
-34.839368	27.304972	0.500000	34
-35.852484	27.537499	0.500000	34
-36.812939	28.163137	0.500000	34
-37.681090	28.658101	0.500000	34
-38.697102	28.693086	0.500000	34
-39.738139	28.605164	0.500000	34
-40.692980	28.577144	0.500000	34
-41.645513	28.535157	0.500000	34
-42.652665	28.686110	0.500000	34
-43.518831	28.853395	0.500000	34
-44.432458	29.031672	0.500000	34
-45.324983	28.764714	0.500000	34
-46.304578	28.751467	0.500000	34
-47.287415	28.806912	0.500000	34
-48.147100	28.478192	0.500000	34
-49.177620	28.422638	0.500000	34
49.728315	28.176257	0.500000	34
48.742601	27.854969	0.500000	34
47.803274	27.405419	0.500000	34
46.911509	26.764514	0.500000	34
10.603459	-8.125293	0.500000	35
10.844590	-9.061982	0.500000	35
11.052889	-10.083475	0.500000	35
11.592987	-10.883928	0.500000	35
11.730560	-11.910921	0.500000	35
11.911255	-12.856644	0.500000	35
12.206302	-13.778693	0.500000	35
12.729065	-14.659002	0.500000	35
13.384055	-15.535719	0.500000	35
13.536153	-16.421647	0.500000	35
13.534776	-17.348379	0.500000	35
13.293310	-18.298782	0.500000	35
12.853188	-19.172578	0.500000	35
12.048352	-19.833396	0.500000	35
11.176130	-20.551503	0.500000	35
10.123519	-21.177263	0.500000	35
9.248261	-21.514409	0.500000	35
8.276837	-21.422166	0.500000	35
7.357442	-21.200956	0.500000	35
6.490953	-20.609208	0.500000	35
5.621413	-20.213430	0.500000	35
4.215539	-4.130045	0.500000	36
3.201711	-3.824940	0.500000	36
2.270536	-3.446715	0.500000	36
1.410625	-3.047789	0.500000	36
0.428727	-2.929392	0.500000	36
-0.535863	-2.782596	0.500000	36
-1.458865	-2.525692	0.500000	36
-2.205008	-1.908947	0.500000	36
-2.988062	-1.406265	0.500000	36
-3.877787	-1.334528	0.500000	36
-4.817665	-1.257910	0.500000	36
-5.880479	-1.145531	0.500000	36
-6.967570	-1.090290	0.500000	36
-7.865569	-0.567460	0.500000	36
-8.772830	-0.192543	0.500000	36
-9.708903	0.083965	0.500000	36
-10.717269	0.471125	0.500000	36
-11.530560	0.048043	0.500000	36
-12.334241	-0.615072	0.500000	36
-13.403194	-0.935086	0.500000	36
-14.325378	-0.861948	0.500000	36
15.173260	1.478078	0.500000	37
14.479206	0.892104	0.500000	37
13.687860	0.304031	0.500000	37
12.823286	-0.199689	0.500000	37
11.839156	-0.739280	0.500000	37
10.805683	-1.304022	0.500000	37
9.827605	-1.553890	0.500000	37
9.082059	-2.264403	0.500000	37
8.267170	-2.781499	0.500000	37
7.602620	-3.373220	0.500000	37
7.131875	-4.322079	0.500000	37
6.712693	-5.311065	0.500000	37
6.367361	-6.242472	0.500000	37
5.963054	-7.148490	0.500000	37
5.625094	-8.113573	0.500000	37
5.607198	-9.078347	0.500000	37
5.784990	-10.084171	0.500000	37
5.827947	-11.115717	0.500000	37
5.923762	-12.128493	0.500000	37
6.161522	-13.079885	0.500000	37
6.289573	-13.994295	0.500000	37
-36.695523	-14.060757	0.500000	38
-35.859953	-14.320116	0.500000	38
-34.980052	-14.789051	0.500000	38
-34.186463	-15.480565	0.500000	38
-33.512280	-16.251430	0.500000	38
-32.856339	-16.920266	0.500000	38
-32.045399	-17.598604	0.500000	38
-31.349382	-18.300054	0.500000	38
-30.805989	-19.267557	0.500000	38
-30.243585	-20.059090	0.500000	38
-29.785406	-20.922890	0.500000	38
-29.176981	-21.723623	0.500000	38
-28.590294	-22.601214	0.500000	38
-28.035027	-23.333748	0.500000	38
-27.650148	-24.215459	0.500000	38
-27.404628	-25.149894	0.500000	38
-27.487505	-26.105530	0.500000	38
-27.691510	-27.171230	0.500000	38
-27.562260	-28.032321	0.500000	38
-27.796377	-29.125771	0.500000	38
-27.819954	-30.197627	0.500000	38
31.803583	47.499921	0.500000	39
30.964861	47.040483	0.500000	39
29.968719	47.013973	0.500000	39
28.974931	47.162904	0.500000	39
27.935232	47.573009	0.500000	39
27.058499	47.911597	0.500000	39
26.155654	48.303724	0.500000	39
25.237252	48.746433	0.500000	39
24.269054	48.968848	0.500000	39
23.424516	49.225708	0.500000	39
22.396644	49.375982	0.500000	39
21.370508	49.318257	0.500000	39
20.321602	49.135795	0.500000	39
19.262611	48.994049	0.500000	39
18.304133	48.901363	0.500000	39
17.278168	48.557246	0.500000	39
16.299722	48.761622	0.500000	39
15.342999	49.026160	0.500000	39
14.381660	49.294767	0.500000	39
13.509480	49.689083	0.500000	39
12.646619	-49.801153	0.500000	39
-43.560097	39.795783	0.500000	40
-44.522092	39.603035	0.500000	40
-45.527431	39.309010	0.500000	40
-46.496175	39.123168	0.500000	40
-47.545839	38.806661	0.500000	40
-48.411719	38.466009	0.500000	40
-49.141907	37.919766	0.500000	40
-49.916892	37.276685	0.500000	40
49.507021	36.540286	0.500000	40
49.060744	35.551684	0.500000	40
48.552127	34.683647	0.500000	40
48.181083	33.787631	0.500000	40
47.676541	32.905204	0.500000	40
47.304542	31.931837	0.500000	40
47.006692	30.940895	0.500000	40
46.721722	29.973688	0.500000	40
46.334711	29.010287	0.500000	40
45.799893	28.064245	0.500000	40
45.350510	27.118411	0.500000	40
45.227523	26.135826	0.500000	40
44.882596	25.133740	0.500000	40
-20.195893	-38.746832	0.500000	41
-20.315463	-39.678434	0.500000	41
-20.691335	-40.678141	0.500000	41
-20.807572	-41.706101	0.500000	41
-21.193373	-42.616169	0.500000	41
-21.469965	-43.513539	0.500000	41
-21.486797	-44.510909	0.500000	41
-21.783613	-45.387583	0.500000	41
-22.108416	-46.386570	0.500000	41
-22.167285	-47.383572	0.500000	41
-22.185211	-48.294614	0.500000	41
-22.497024	-49.289124	0.500000	41
-22.827959	49.762862	0.500000	41
-23.182263	48.795069	0.500000	41
-23.717662	47.974866	0.500000	41
-24.290024	47.148276	0.500000	41
-24.829824	46.337128	0.500000	41
-25.413341	45.557322	0.500000	41
-25.934676	44.686528	0.500000	41
-26.690530	44.137764	0.500000	41
-27.474539	43.580006	0.500000	41
-27.511628	49.045372	0.500000	42
-27.818903	49.856705	0.500000	42
-28.270465	-49.165279	0.500000	42
-28.812961	-48.399630	0.500000	42
-29.586595	-47.816621	0.500000	42
-30.344041	-47.088309	0.500000	42
-31.104770	-46.364561	0.500000	42
-31.735556	-45.522233	0.500000	42
-31.732659	-44.572138	0.500000	42
-31.327226	-43.626564	0.500000	42
-30.979522	-42.645468	0.500000	42
-30.358455	-42.025133	0.500000	42
-29.556711	-41.435979	0.500000	42
-28.569957	-41.045486	0.500000	42
-27.699167	-40.440649	0.500000	42
-27.196466	-39.549826	0.500000	42
-27.158515	-38.485004	0.500000	42
-27.176971	-37.439361	0.500000	42
-27.136088	-36.431291	0.500000	42
-27.051994	-35.447505	0.500000	42
-26.925366	-34.487583	0.500000	42
-25.601360	-0.017919	0.500000	43
-26.290562	-0.776311	0.500000	43
-27.247323	-1.386008	0.500000	43
-28.065215	-2.027291	0.500000	43
-28.886785	-2.609803	0.500000	43
-29.350977	-3.570262	0.500000	43
-29.648294	-4.607170	0.500000	43
-29.875530	-5.580657	0.500000	43
-29.727722	-6.620175	0.500000	43
-29.468582	-7.631749	0.500000	43
-29.057880	-8.565506	0.500000	43
-28.828231	-9.515648	0.500000	43
-28.333689	-10.343896	0.500000	43
-27.530227	-11.050191	0.500000	43
-26.758555	-11.763443	0.500000	43
-26.193223	-12.544398	0.500000	43
-25.467345	-13.305249	0.500000	43
-24.681067	-13.837792	0.500000	43
-23.814887	-14.323287	0.500000	43
-23.127033	-14.963349	0.500000	43
-22.259952	-15.230809	0.500000	43
-32.676752	24.357540	0.500000	44
-33.566470	24.823326	0.500000	44
-34.608532	25.027278	0.500000	44
-35.569665	25.469206	0.500000	44
-36.296336	26.127006	0.500000	44
-37.181426	26.726436	0.500000	44
-38.049880	27.105524	0.500000	44
-38.956506	27.505890	0.500000	44
-39.952669	27.824651	0.500000	44
-40.912928	28.225045	0.500000	44
-41.902337	28.573901	0.500000	44
-42.753689	29.112367	0.500000	44
-43.434050	29.858855	0.500000	44
-43.977180	30.667803	0.500000	44
-44.373558	31.518279	0.500000	44
-44.944620	32.362323	0.500000	44
-45.519635	33.216655	0.500000	44
-46.118486	34.082529	0.500000	44
-46.579946	34.915314	0.500000	44
-46.932170	35.904582	0.500000	44
-47.213169	36.864030	0.500000	44
25.861422	-17.906118	0.500000	45
26.596882	-17.112795	0.500000	45
27.017527	-16.230452	0.500000	45
27.520933	-15.260285	0.500000	45
27.920480	-14.407015	0.500000	45
28.594295	-13.672315	0.500000	45
29.394438	-12.898759	0.500000	45
29.868545	-12.042896	0.500000	45
30.234920	-11.045241	0.500000	45
30.695908	-10.220590	0.500000	45
31.167583	-9.248762	0.500000	45
31.502195	-8.320611	0.500000	45
32.001224	-7.562839	0.500000	45
32.810334	-7.060151	0.500000	45
33.586659	-6.652813	0.500000	45
34.539438	-6.521367	0.500000	45
35.580243	-6.273807	0.500000	45
36.563062	-6.385048	0.500000	45
37.542911	-6.718100	0.500000	45
38.484797	-7.100438	0.500000	45
39.415273	-7.530024	0.500000	45
6.944563	-14.898199	0.500000	46
7.982131	-14.880341	0.500000	46
8.894216	-15.131951	0.500000	46
9.913093	-15.400474	0.500000	46
10.807325	-15.536838	0.500000	46
11.750712	-15.791195	0.500000	46
12.745396	-15.754699	0.500000	46
13.709362	-15.742601	0.500000	46
14.611542	-15.684470	0.500000	46
15.632759	-15.478011	0.500000	46
16.681725	-15.422840	0.500000	46
17.655441	-15.534519	0.500000	46
18.733165	-15.610110	0.500000	46
19.681676	-15.711270	0.500000	46
20.627342	-15.819553	0.500000	46
21.621713	-16.081295	0.500000	46
22.546507	-16.113058	0.500000	46
23.515749	-16.279268	0.500000	46
24.489569	-16.098992	0.500000	46
25.285071	-15.444402	0.500000	46
26.177884	-14.812210	0.500000	46
16.408309	49.619019	0.500000	47
15.650442	48.914546	0.500000	47
14.940995	48.189569	0.500000	47
14.390272	47.389837	0.500000	47
13.688409	46.719805	0.500000	47
13.123415	45.896087	0.500000	47
12.409265	45.186429	0.500000	47
11.629987	44.703731	0.500000	47
10.742618	44.132547	0.500000	47
10.118364	43.409382	0.500000	47
9.407427	42.651732	0.500000	47
8.615329	42.177616	0.500000	47
7.638374	41.809669	0.500000	47
6.663009	41.776757	0.500000	47
5.717309	41.939898	0.500000	47
4.833621	42.274184	0.500000	47
3.878786	42.491457	0.500000	47
2.881405	42.741606	0.500000	47
2.054083	43.364037	0.500000	47
1.325138	43.976970	0.500000	47
0.605408	44.648187	0.500000	47
-4.713860	36.352693	0.500000	48
-5.672267	36.503769	0.500000	48
-6.646734	36.340583	0.500000	48
-7.722201	36.392448	0.500000	48
-8.775038	36.163099	0.500000	48
-9.750728	36.009053	0.500000	48
-10.727261	36.095903	0.500000	48
-11.718322	36.110296	0.500000	48
-12.718603	35.892802	0.500000	48
-13.455668	35.427433	0.500000	48
-14.127511	34.698952	0.500000	48
-14.714750	33.841434	0.500000	48
-15.403321	33.209013	0.500000	48
-16.023861	32.519266	0.500000	48
-16.826181	31.956236	0.500000	48
-17.590413	31.333582	0.500000	48
-18.120884	30.570018	0.500000	48
-18.422242	29.663943	0.500000	48
-18.713138	28.613743	0.500000	48
-18.862372	27.587457	0.500000	48
-19.093337	26.659428	0.500000	48
-45.836407	22.330501	0.500000	49
-45.483826	23.249360	0.500000	49
-45.330498	24.171773	0.500000	49
-45.301833	25.236109	0.500000	49
-45.099547	26.235561	0.500000	49
-44.998769	27.182300	0.500000	49
-45.270233	28.080621	0.500000	49
-45.421952	29.038271	0.500000	49
-45.627404	29.996778	0.500000	49
-46.023118	30.912167	0.500000	49
-46.166182	31.937938	0.500000	49
-46.371114	33.005024	0.500000	49
-46.503414	34.057896	0.500000	49
-46.435144	34.979961	0.500000	49
-46.607094	35.896703	0.500000	49
-46.828537	36.830720	0.500000	49
-47.303440	37.597795	0.500000	49
-48.146232	38.149634	0.500000	49
-48.873258	38.972739	0.500000	49
-49.177303	39.773170	0.500000	49
-49.451318	40.770150	0.500000	49
-2.651508	42.816723	0.500000	50
-3.479383	42.166763	0.500000	50
-4.281724	41.512228	0.500000	50
-5.291671	41.153096	0.500000	50
-6.300740	41.042415	0.500000	50
-7.261604	40.935448	0.500000	50
-8.191845	41.168843	0.500000	50
-9.173267	41.039677	0.500000	50
-10.231736	40.833580	0.500000	50
-11.150160	40.560218	0.500000	50
-12.077034	40.211059	0.500000	50
-12.536512	39.362705	0.500000	50
-12.829672	38.382042	0.500000	50
-12.945607	37.441211	0.500000	50
-13.241121	36.556979	0.500000	50
-13.152224	35.630090	0.500000	50
-13.109597	34.605888	0.500000	50
-12.961041	33.500186	0.500000	50
-12.704378	32.594359	0.500000	50
-12.337546	31.688914	0.500000	50
-11.681180	30.820645	0.500000	50
17.582849	-49.527072	0.500000	51
18.609219	-49.222596	0.500000	51
19.584333	-48.909200	0.500000	51
20.302010	-48.447053	0.500000	51
20.739832	-47.673925	0.500000	51
21.328006	-46.973900	0.500000	51
21.888303	-46.210188	0.500000	51
22.301895	-45.289389	0.500000	51
22.847840	-44.520269	0.500000	51
23.747672	-43.969960	0.500000	51
24.654566	-43.738801	0.500000	51
25.640162	-43.600637	0.500000	51
26.737591	-43.655941	0.500000	51
27.778856	-43.584183	0.500000	51
28.675806	-43.744157	0.500000	51
29.691804	-43.915129	0.500000	51
30.632384	-43.757596	0.500000	51
31.605360	-43.470514	0.500000	51
32.593621	-43.233803	0.500000	51
33.661321	-43.189999	0.500000	51
34.793552	-42.990866	0.500000	51
-0.939934	2.754042	0.500000	52
-0.490580	3.614951	0.500000	52
0.100724	4.348038	0.500000	52
0.814400	5.116570	0.500000	52
1.308472	5.914274	0.500000	52
1.481406	7.033391	0.500000	52
1.493045	7.985750	0.500000	52
1.583054	9.025262	0.500000	52
1.868936	9.966572	0.500000	52
2.558770	10.709657	0.500000	52
3.327738	11.461300	0.500000	52
3.991294	12.138966	0.500000	52
4.628371	12.688380	0.500000	52
5.305217	13.375034	0.500000	52
5.685725	14.314097	0.500000	52
6.019778	15.169364	0.500000	52
6.494374	15.972544	0.500000	52
7.056803	16.793192	0.500000	52
7.635503	17.610719	0.500000	52
8.138652	18.546742	0.500000	52
8.468961	19.362188	0.500000	52
-17.899748	-9.565739	0.500000	53
-18.324826	-10.390651	0.500000	53
-19.225868	-11.037212	0.500000	53
-20.268522	-11.227740	0.500000	53
-21.290498	-11.520321	0.500000	53
-22.378941	-11.560029	0.500000	53
-23.500528	-11.653210	0.500000	53
-24.503055	-11.591600	0.500000	53
-25.704687	-11.645534	0.500000	53
-26.558330	-11.711215	0.500000	53
-27.482210	-11.536515	0.500000	53
-28.484017	-11.280285	0.500000	53
-29.466304	-11.204798	0.500000	53
-30.452809	-10.895898	0.500000	53
-31.504540	-10.753555	0.500000	53
-32.489308	-10.757689	0.500000	53
-33.541136	-10.844327	0.500000	53
-34.545053	-11.048198	0.500000	53
-35.573299	-11.341981	0.500000	53
-36.580456	-11.251894	0.500000	53
-37.647778	-11.393988	0.500000	53
-9.050848	29.459723	0.500000	54
-8.431717	28.645918	0.500000	54
-7.893955	27.707325	0.500000	54
-7.159419	26.851672	0.500000	54
-6.432203	26.109866	0.500000	54
-5.470199	25.477981	0.500000	54
-4.709774	24.676114	0.500000	54
-3.692221	24.752104	0.500000	54
-2.775352	24.909414	0.500000	54
-1.853272	25.292811	0.500000	54
-0.979373	25.816288	0.500000	54
-0.177297	26.530882	0.500000	54
0.614528	27.114934	0.500000	54
1.465574	27.713518	0.500000	54
2.281340	28.032729	0.500000	54
3.127801	28.414469	0.500000	54
4.116227	28.871759	0.500000	54
5.095888	29.109968	0.500000	54
6.198095	29.054400	0.500000	54
7.277934	28.906429	0.500000	54
8.341714	28.966648	0.500000	54
36.296573	-43.512422	0.500000	55
36.641030	-44.366526	0.500000	55
37.068004	-45.294631	0.500000	55
36.850406	-46.288263	0.500000	55
36.782049	-47.269046	0.500000	55
36.916259	-48.261978	0.500000	55
36.893358	-49.165837	0.500000	55
37.127508	49.877008	0.500000	55
37.058457	48.934562	0.500000	55
37.188674	47.806957	0.500000	55
37.264704	46.891323	0.500000	55
37.251194	45.860338	0.500000	55
37.221206	44.870257	0.500000	55
37.706991	43.865407	0.500000	55
38.323040	43.201984	0.500000	55
39.224022	42.521876	0.500000	55
39.951592	41.901273	0.500000	55
40.698640	41.298821	0.500000	55
41.555076	40.708021	0.500000	55
42.309430	39.957413	0.500000	55
42.875526	39.161298	0.500000	55
-3.784867	23.223862	0.500000	56
-2.962519	23.606821	0.500000	56
-2.019964	24.019326	0.500000	56
-1.177009	24.550485	0.500000	56
-0.315961	25.187685	0.500000	56
0.334002	25.943656	0.500000	56
0.682942	26.898085	0.500000	56
0.929402	27.783792	0.500000	56
1.440208	28.767185	0.500000	56
1.400973	29.774841	0.500000	56
1.447797	30.756117	0.500000	56
1.816752	31.742935	0.500000	56
2.506154	32.619998	0.500000	56
3.438830	33.203187	0.500000	56
4.336828	33.738243	0.500000	56
5.103076	34.478630	0.500000	56
5.940450	34.958858	0.500000	56
6.749750	35.435077	0.500000	56
7.538377	36.150859	0.500000	56
7.819492	37.103938	0.500000	56
7.783334	38.189581	0.500000	56
-18.327994	48.967284	0.500000	57
-17.872873	49.884257	0.500000	57
-17.402773	-49.317138	0.500000	57
-16.815103	-48.522799	0.500000	57
-16.282793	-47.807230	0.500000	57
-15.827140	-46.970064	0.500000	57
-15.231446	-46.243905	0.500000	57
-14.572081	-45.533949	0.500000	57
-13.899166	-44.816427	0.500000	57
-13.250737	-43.881238	0.500000	57
-12.982265	-42.961709	0.500000	57
-12.757197	-41.949886	0.500000	57
-12.441917	-41.040068	0.500000	57
-11.990281	-40.105565	0.500000	57
-11.643111	-39.145706	0.500000	57
-11.438250	-38.188150	0.500000	57
-11.271991	-37.313241	0.500000	57
-11.218793	-36.361377	0.500000	57
-10.873150	-35.440810	0.500000	57
-10.806527	-34.399598	0.500000	57
-10.642792	-33.417470	0.500000	57
-16.292297	-40.576265	0.500000	58
-16.352066	-39.517414	0.500000	58
-15.997072	-38.633840	0.500000	58
-15.801929	-37.545452	0.500000	58
-15.775516	-36.494502	0.500000	58
-16.220341	-35.673443	0.500000	58
-16.533151	-34.547830	0.500000	58
-16.100511	-33.551423	0.500000	58
-16.014668	-32.715142	0.500000	58
-16.120168	-31.750957	0.500000	58
-16.027563	-30.890856	0.500000	58
-15.857606	-29.775756	0.500000	58
-15.348647	-28.914223	0.500000	58
-14.790796	-28.077528	0.500000	58
-14.143418	-27.152924	0.500000	58
-13.545066	-26.342233	0.500000	58
-13.095673	-25.475580	0.500000	58
-12.514220	-24.651919	0.500000	58
-12.291075	-23.670783	0.500000	58
-12.058103	-22.884556	0.500000	58
-11.801262	-21.868547	0.500000	58
16.626661	-32.351294	0.500000	59
15.700662	-32.025993	0.500000	59
15.070608	-31.360229	0.500000	59
14.597538	-30.668883	0.500000	59
14.143149	-29.756198	0.500000	59
13.634257	-28.923788	0.500000	59
13.025845	-28.279875	0.500000	59
12.399255	-27.395029	0.500000	59
12.068599	-26.389573	0.500000	59
11.847112	-25.447239	0.500000	59
11.612091	-24.370166	0.500000	59
11.315674	-23.399617	0.500000	59
10.758052	-22.676994	0.500000	59
10.000940	-22.012887	0.500000	59
9.112581	-21.343735	0.500000	59
8.485589	-20.568837	0.500000	59
7.764298	-19.887971	0.500000	59
6.916620	-19.384860	0.500000	59
6.280007	-18.570064	0.500000	59
5.545529	-18.117734	0.500000	59
4.693131	-17.396189	0.500000	59
24.153129	-10.038545	0.500000	60
24.549251	-11.035899	0.500000	60
24.321806	-12.085368	0.500000	60
24.163412	-13.039086	0.500000	60
24.057934	-14.128936	0.500000	60
23.462013	-15.036583	0.500000	60
22.620267	-15.618464	0.500000	60
21.894057	-16.497106	0.500000	60
21.248525	-17.384085	0.500000	60
21.028677	-18.407579	0.500000	60
20.805687	-19.388783	0.500000	60
20.584739	-20.352770	0.500000	60
20.626357	-21.250853	0.500000	60
21.050992	-22.181461	0.500000	60
21.590570	-23.085234	0.500000	60
22.063254	-23.919796	0.500000	60
22.969392	-24.330805	0.500000	60
23.623040	-24.926106	0.500000	60
24.411085	-25.525287	0.500000	60
25.224251	-26.127367	0.500000	60
25.931621	-26.825683	0.500000	60
20.372063	26.151931	0.500000	61
19.314699	26.044553	0.500000	61
18.254015	25.791364	0.500000	61
17.365062	25.638816	0.500000	61
16.482793	25.560616	0.500000	61
15.586928	25.214069	0.500000	61
14.526791	24.940369	0.500000	61
13.607228	25.229890	0.500000	61
12.583883	25.162126	0.500000	61
11.834002	24.654868	0.500000	61
10.990974	24.058483	0.500000	61
10.021252	23.663956	0.500000	61
9.084396	23.501651	0.500000	61
8.046756	23.423029	0.500000	61
7.133790	23.277702	0.500000	61
6.223888	23.424695	0.500000	61
5.191903	23.334289	0.500000	61
4.155107	23.027058	0.500000	61
3.344683	22.580414	0.500000	61
2.302926	22.139575	0.500000	61
1.436006	21.682480	0.500000	61
-9.888483	7.052944	0.500000	62
-9.770071	8.043688	0.500000	62
-9.311001	9.050920	0.500000	62
-8.612993	9.730336	0.500000	62
-7.810571	10.119561	0.500000	62
-6.837372	10.583246	0.500000	62
-6.029063	11.063918	0.500000	62
-4.975402	11.264493	0.500000	62
-3.953787	11.479914	0.500000	62
-2.934977	11.617689	0.500000	62
-1.791852	11.833898	0.500000	62
-0.777899	11.729558	0.500000	62
0.284940	11.678986	0.500000	62
1.318767	11.379283	0.500000	62
2.085745	10.668751	0.500000	62
3.075997	10.179971	0.500000	62
4.004040	9.830077	0.500000	62
4.936980	9.353696	0.500000	62
5.824433	8.737059	0.500000	62
6.646586	8.207835	0.500000	62
7.601378	7.861050	0.500000	62
21.712267	15.677293	0.500000	63
22.232365	16.581069	0.500000	63
22.884460	17.226824	0.500000	63
23.901810	17.541421	0.500000	63
24.874733	17.592446	0.500000	63
25.825341	17.818489	0.500000	63
26.762918	17.694086	0.500000	63
27.654715	17.731236	0.500000	63
28.691856	17.813464	0.500000	63
29.628628	17.813780	0.500000	63
30.521836	18.208712	0.500000	63
31.513273	18.429368	0.500000	63
32.598672	18.563210	0.500000	63
33.535679	18.524353	0.500000	63
34.611088	18.606312	0.500000	63
35.577394	18.289008	0.500000	63
36.373031	17.695124	0.500000	63
37.319127	17.681920	0.500000	63
38.414661	17.326844	0.500000	63
39.362012	17.393049	0.500000	63
40.438905	17.544486	0.500000	63
28.791005	-27.105944	0.500000	64
29.818600	-27.101896	0.500000	64
30.859121	-27.124556	0.500000	64
31.856651	-27.240698	0.500000	64
32.722013	-27.109870	0.500000	64
33.711698	-26.797918	0.500000	64
34.468163	-26.164160	0.500000	64
35.103493	-25.441494	0.500000	64
35.675300	-24.721763	0.500000	64
36.264812	-24.004987	0.500000	64
36.768622	-23.174755	0.500000	64
37.510764	-22.494790	0.500000	64
38.121869	-21.713535	0.500000	64
38.469463	-20.756769	0.500000	64
38.854555	-19.901663	0.500000	64
39.402741	-19.064847	0.500000	64
39.896469	-18.059057	0.500000	64
40.140405	-17.083530	0.500000	64
40.572032	-16.205164	0.500000	64
40.886419	-15.292030	0.500000	64
41.557004	-14.647394	0.500000	64
28.804328	-5.454159	0.500000	65
27.877818	-5.555955	0.500000	65
26.963872	-5.946203	0.500000	65
26.080549	-6.093725	0.500000	65
25.155485	-6.351777	0.500000	65
24.262248	-6.201618	0.500000	65
23.201571	-6.266594	0.500000	65
22.129270	-6.492762	0.500000	65
21.108961	-6.706639	0.500000	65
20.151888	-6.759767	0.500000	65
19.143334	-6.535149	0.500000	65
18.081816	-6.495801	0.500000	65
17.318196	-5.857116	0.500000	65
16.774965	-5.086820	0.500000	65
16.206643	-4.251387	0.500000	65
15.433247	-3.758440	0.500000	65
14.785356	-3.049742	0.500000	65
14.214822	-2.228559	0.500000	65
13.708956	-1.390519	0.500000	65
13.058987	-0.714127	0.500000	65
12.575132	0.082408	0.500000	65
-26.189367	-29.919209	0.500000	66
-25.059155	-29.764866	0.500000	66
-23.955102	-29.895192	0.500000	66
-23.132539	-30.461343	0.500000	66
-22.259991	-31.040473	0.500000	66
-21.292163	-31.292654	0.500000	66
-20.327462	-31.309545	0.500000	66
-19.310189	-31.330125	0.500000	66
-18.331716	-31.546090	0.500000	66
-17.381893	-31.447156	0.500000	66
-16.448228	-31.612114	0.500000	66
-15.551168	-31.907032	0.500000	66
-14.765603	-32.265589	0.500000	66
-14.022264	-32.851241	0.500000	66
-13.697013	-33.713064	0.500000	66
-13.682865	-34.663800	0.500000	66
-13.854240	-35.615162	0.500000	66
-13.866825	-36.648622	0.500000	66
-13.943291	-37.576481	0.500000	66
-13.983362	-38.598283	0.500000	66
-13.672018	-39.677658	0.500000	66
34.692113	41.856873	0.500000	67
35.386137	41.187031	0.500000	67
35.982584	40.353757	0.500000	67
36.831261	39.879321	0.500000	67
37.558661	39.066575	0.500000	67
38.129387	38.304666	0.500000	67
38.833021	37.525657	0.500000	67
39.330622	36.641241	0.500000	67
39.245047	35.627200	0.500000	67
38.863264	34.727110	0.500000	67
38.208385	33.854736	0.500000	67
37.691040	32.985281	0.500000	67
37.018683	32.264159	0.500000	67
36.267350	31.496341	0.500000	67
35.874622	30.530805	0.500000	67
35.557700	29.607858	0.500000	67
35.019935	28.697646	0.500000	67
34.439730	27.766255	0.500000	67
33.864976	26.817849	0.500000	67
33.386324	26.027639	0.500000	67
32.899073	25.197353	0.500000	67
-15.571202	47.055852	0.500000	68
-14.913636	47.776999	0.500000	68
-14.375148	48.741289	0.500000	68
-14.216656	49.737132	0.500000	68
-14.135947	-49.081641	0.500000	68
-13.936146	-48.031629	0.500000	68
-13.740498	-47.021617	0.500000	68
-13.311821	-46.061180	0.500000	68
-12.945876	-45.133776	0.500000	68
-12.409566	-44.230487	0.500000	68
-11.768536	-43.452025	0.500000	68
-11.219890	-42.714352	0.500000	68
-10.546182	-41.950035	0.500000	68
-9.779184	-41.438185	0.500000	68
-9.098490	-40.638101	0.500000	68
-8.331003	-39.981932	0.500000	68
-7.594507	-39.323577	0.500000	68
-6.800374	-38.661895	0.500000	68
-5.855021	-38.351926	0.500000	68
-4.921114	-37.832843	0.500000	68
-3.967370	-37.496607	0.500000	68
18.515027	24.080652	0.500000	69
19.501019	24.023042	0.500000	69
20.528769	24.041286	0.500000	69
21.516493	24.208415	0.500000	69
22.487745	24.440635	0.500000	69
23.395399	24.183257	0.500000	69
24.449828	24.262432	0.500000	69
25.429019	24.393279	0.500000	69
26.458123	24.597228	0.500000	69
27.427110	24.937900	0.500000	69
28.274201	25.342549	0.500000	69
29.186427	25.716871	0.500000	69
30.160527	25.657809	0.500000	69
31.183320	25.702764	0.500000	69
32.156825	25.479335	0.500000	69
32.951855	24.902618	0.500000	69
33.574763	24.064462	0.500000	69
33.730035	23.121460	0.500000	69
33.553641	22.134588	0.500000	69
33.429063	21.199195	0.500000	69
33.174010	20.328130	0.500000	69
40.517404	-12.379378	0.500000	70
41.197682	-11.607739	0.500000	70
41.704469	-10.748512	0.500000	70
41.972999	-9.866248	0.500000	70
42.095330	-8.849618	0.500000	70
42.718790	-8.139279	0.500000	70
43.158306	-7.310604	0.500000	70
43.587785	-6.416414	0.500000	70
44.250438	-5.621763	0.500000	70
45.044749	-5.052979	0.500000	70
45.922662	-4.402435	0.500000	70
46.900575	-4.046083	0.500000	70
47.930933	-3.601209	0.500000	70
48.734684	-2.921066	0.500000	70
49.412172	-2.217323	0.500000	70
-49.714915	-1.807126	0.500000	70
-48.759603	-1.638619	0.500000	70
-47.765489	-1.251741	0.500000	70
-47.096348	-0.651212	0.500000	70
-46.446673	0.012284	0.500000	70
-45.664304	0.650903	0.500000	70
31.444145	42.430022	0.500000	71
30.427488	42.748917	0.500000	71
29.433834	43.029842	0.500000	71
28.496782	43.167790	0.500000	71
27.507001	43.129600	0.500000	71
26.468211	43.086226	0.500000	71
25.407163	43.068990	0.500000	71
24.395658	42.722808	0.500000	71
23.476380	42.347161	0.500000	71
22.578383	42.052664	0.500000	71
21.658039	41.551831	0.500000	71
20.783588	41.214437	0.500000	71
19.970317	40.630097	0.500000	71
19.126256	40.211058	0.500000	71
18.224305	39.779599	0.500000	71
17.259741	39.330076	0.500000	71
16.388968	39.382525	0.500000	71
15.466199	39.377447	0.500000	71
14.588378	39.738928	0.500000	71
13.444607	40.032070	0.500000	71
12.495849	39.986179	0.500000	71
-46.776416	-31.818391	0.500000	72
-47.388670	-32.603312	0.500000	72
-48.017383	-33.409862	0.500000	72
-48.428963	-34.225840	0.500000	72
-48.894725	-35.002718	0.500000	72
-48.943013	-36.046834	0.500000	72
-49.182716	-36.977676	0.500000	72
-49.358924	-37.985276	0.500000	72
-49.331302	-39.032133	0.500000	72
-49.159488	-40.031414	0.500000	72
-48.900947	-40.990637	0.500000	72
-49.054493	-41.973745	0.500000	72
-49.323820	-42.960194	0.500000	72
-49.311593	-43.993579	0.500000	72
-49.472529	-45.083511	0.500000	72
-49.643512	-45.952804	0.500000	72
-49.529719	-46.964956	0.500000	72
-49.354787	-47.938659	0.500000	72
-48.704550	-48.758709	0.500000	72
-47.990067	-49.296788	0.500000	72
-47.082119	-49.852862	0.500000	72
23.341834	15.908513	0.500000	73
23.795435	16.771765	0.500000	73
23.633888	17.890340	0.500000	73
23.433762	18.850922	0.500000	73
23.209233	19.806131	0.500000	73
22.849355	20.652502	0.500000	73
22.375494	21.499527	0.500000	73
22.290231	22.390938	0.500000	73
22.323339	23.256957	0.500000	73
22.403220	24.265641	0.500000	73
22.434949	25.163634	0.500000	73
22.068993	25.989950	0.500000	73
21.995480	27.077762	0.500000	73
22.268997	28.024678	0.500000	73
22.748302	29.062234	0.500000	73
23.365114	29.776535	0.500000	73
24.179875	30.410452	0.500000	73
25.042527	31.063192	0.500000	73
25.675520	31.834370	0.500000	73
26.551021	32.599989	0.500000	73
27.087362	33.317010	0.500000	73
-38.096109	-24.518228	0.500000	74
-37.272374	-23.756692	0.500000	74
-36.732127	-23.022669	0.500000	74
-35.974130	-22.431754	0.500000	74
-35.198377	-21.726598	0.500000	74
-34.316661	-21.141318	0.500000	74
-33.491649	-20.682373	0.500000	74
-32.592890	-20.249522	0.500000	74
-31.665084	-19.923546	0.500000	74
-30.690592	-19.359716	0.500000	74
-29.780430	-18.795405	0.500000	74
-28.931823	-18.213041	0.500000	74
-28.385480	-17.505725	0.500000	74
-27.712781	-16.776774	0.500000	74
-27.171828	-16.032372	0.500000	74
-26.517348	-15.340581	0.500000	74
-25.724281	-14.609534	0.500000	74
-24.835877	-14.243001	0.500000	74
-23.893042	-13.848238	0.500000	74
-22.923381	-13.630322	0.500000	74
-21.964364	-13.199696	0.500000	74
-8.747085	47.039373	0.500000	75
-8.465974	46.000495	0.500000	75
-8.429425	45.005421	0.500000	75
-8.473244	43.957269	0.500000	75
-8.704005	43.090365	0.500000	75
-9.094390	42.227212	0.500000	75
-9.732863	41.392471	0.500000	75
-10.230499	40.635799	0.500000	75
-10.810224	39.940958	0.500000	75
-11.479669	39.217787	0.500000	75
-12.308440	38.673117	0.500000	75
-13.173404	38.173406	0.500000	75
-14.001691	37.697815	0.500000	75
-14.909715	37.152413	0.500000	75
-15.671725	36.579592	0.500000	75
-16.689357	36.196585	0.500000	75
-17.613480	35.762565	0.500000	75
-18.464709	35.466293	0.500000	75
-19.366739	35.096906	0.500000	75
-20.275772	34.424361	0.500000	75
-20.973287	33.652818	0.500000	75
-2.824750	9.854255	0.500000	76
-2.106219	9.182212	0.500000	76
-1.427459	8.375011	0.500000	76
-0.979558	7.440238	0.500000	76
-0.819619	6.398302	0.500000	76
-0.316963	5.506106	0.500000	76
0.338340	4.769247	0.500000	76
1.123536	3.980747	0.500000	76
1.852760	3.404429	0.500000	76
2.565396	2.752380	0.500000	76
3.507647	2.283661	0.500000	76
4.425131	1.778190	0.500000	76
5.399171	1.584197	0.500000	76
6.496831	1.487600	0.500000	76
7.423360	1.150104	0.500000	76
8.305501	0.885775	0.500000	76
9.241359	0.452202	0.500000	76
10.259967	0.278186	0.500000	76
11.255345	0.009913	0.500000	76
12.245101	-0.366484	0.500000	76
13.157791	-1.005380	0.500000	76
33.766728	27.354545	0.500000	77
33.890578	28.438489	0.500000	77
33.947016	29.413531	0.500000	77
34.133209	30.357405	0.500000	77
34.150457	31.268742	0.500000	77
33.908193	32.288348	0.500000	77
33.706313	33.232300	0.500000	77
33.172931	34.125397	0.500000	77
32.483457	34.847132	0.500000	77
31.774694	35.476312	0.500000	77
31.274011	36.298961	0.500000	77
30.899995	37.172627	0.500000	77
30.465668	38.053468	0.500000	77
29.728037	38.574754	0.500000	77
29.172276	39.509339	0.500000	77
28.841026	40.457769	0.500000	77
28.271918	41.467133	0.500000	77
27.831688	42.357399	0.500000	77
27.313202	43.290751	0.500000	77
26.873756	44.059160	0.500000	77
26.368726	44.865410	0.500000	77
-23.399144	-3.973396	0.500000	78
-22.392182	-3.991781	0.500000	78
-21.306961	-4.088411	0.500000	78
-20.332902	-4.361959	0.500000	78
-19.330870	-4.579391	0.500000	78
-18.371540	-4.806293	0.500000	78
-17.386295	-5.072810	0.500000	78
-16.380608	-5.367871	0.500000	78
-15.469139	-5.634196	0.500000	78
-14.653867	-6.210251	0.500000	78
-13.798910	-6.701573	0.500000	78
-12.865698	-7.103678	0.500000	78
-12.010486	-7.752304	0.500000	78
-11.110602	-8.130092	0.500000	78
-9.970128	-8.475568	0.500000	78
-9.215085	-9.055044	0.500000	78
-8.555959	-9.719552	0.500000	78
-7.766475	-10.367552	0.500000	78
-6.942193	-10.873724	0.500000	78
-6.089095	-11.573046	0.500000	78
-5.185025	-11.941236	0.500000	78
11.751343	21.490532	0.500000	79
11.412041	22.560097	0.500000	79
11.109212	23.528926	0.500000	79
10.853845	24.417078	0.500000	79
10.601636	25.392461	0.500000	79
10.050330	26.364587	0.500000	79
9.665483	27.326095	0.500000	79
9.426407	28.199982	0.500000	79
9.164005	29.159103	0.500000	79
9.259323	30.039344	0.500000	79
9.186167	31.056472	0.500000	79
9.153888	32.037151	0.500000	79
8.913936	33.079246	0.500000	79
8.495701	34.097413	0.500000	79
8.160079	35.090614	0.500000	79
8.142083	36.108975	0.500000	79
8.400027	37.120231	0.500000	79
8.359931	38.210599	0.500000	79
8.388174	39.197426	0.500000	79
8.188629	40.210662	0.500000	79
8.061059	41.272836	0.500000	79
-32.494043	-2.112863	0.500000	80
-32.824999	-1.181749	0.500000	80
-32.761889	-0.276287	0.500000	80
-32.959132	0.764847	0.500000	80
-33.144267	1.859262	0.500000	80
-33.136588	2.867341	0.500000	80
-33.055155	3.976263	0.500000	80
-32.824105	4.990061	0.500000	80
-32.898790	5.993536	0.500000	80
-32.376213	6.948247	0.500000	80
-32.190807	7.971938	0.500000	80
-31.884129	8.873617	0.500000	80
-31.450178	9.796272	0.500000	80
-31.222923	10.841846	0.500000	80
-31.092165	11.815354	0.500000	80
-30.963584	12.762690	0.500000	80
-30.588133	13.697362	0.500000	80
-30.381287	14.637891	0.500000	80
-29.952399	15.411632	0.500000	80
-29.463408	16.398796	0.500000	80
-28.967578	17.142935	0.500000	80
48.699367	40.746532	0.500000	81
48.872268	41.659827	0.500000	81
49.582056	42.336198	0.500000	81
-49.685256	42.959428	0.500000	81
-48.829041	43.483067	0.500000	81
-48.081074	44.166763	0.500000	81
-47.598106	45.064290	0.500000	81
-46.941184	45.917754	0.500000	81
-46.247920	46.719462	0.500000	81
-45.396506	47.376285	0.500000	81
-44.462517	47.848074	0.500000	81
-43.603367	48.454971	0.500000	81
-42.793509	48.853970	0.500000	81
-41.946236	49.283399	0.500000	81
-40.920652	49.475122	0.500000	81
-39.952301	49.908760	0.500000	81
-39.016618	-49.661723	0.500000	81
-38.075001	-49.238474	0.500000	81
-37.125320	-49.042028	0.500000	81
-36.387070	-48.500933	0.500000	81
-35.775775	-47.846277	0.500000	81
-3.256805	-16.999948	0.500000	82
-3.736377	-17.851127	0.500000	82
-4.206810	-18.689357	0.500000	82
-4.707760	-19.636922	0.500000	82
-5.076245	-20.559167	0.500000	82
-5.472497	-21.532438	0.500000	82
-5.924091	-22.409458	0.500000	82
-6.256612	-23.303428	0.500000	82
-6.853021	-24.265719	0.500000	82
-7.516129	-25.035225	0.500000	82
-8.142863	-25.830918	0.500000	82
-8.839447	-26.536419	0.500000	82
-9.409794	-27.473254	0.500000	82
-9.540484	-28.454115	0.500000	82
-9.115299	-29.396422	0.500000	82
-8.537860	-30.190392	0.500000	82
-7.746747	-30.777441	0.500000	82
-7.089870	-31.511221	0.500000	82
-6.190119	-31.967168	0.500000	82
-5.230599	-32.454234	0.500000	82
-4.414865	-33.144189	0.500000	82
42.605415	40.881310	0.500000	83
41.990003	41.644340	0.500000	83
41.136649	42.307875	0.500000	83
40.238193	42.798126	0.500000	83
39.233551	42.834829	0.500000	83
38.224179	42.659467	0.500000	83
37.343845	42.609260	0.500000	83
36.464057	42.413504	0.500000	83
35.507963	42.255763	0.500000	83
34.339832	42.280736	0.500000	83
33.343944	42.369127	0.500000	83
32.483339	42.807315	0.500000	83
31.826562	43.639572	0.500000	83
31.019662	44.196627	0.500000	83
30.194276	44.802188	0.500000	83
29.550616	45.675955	0.500000	83
28.997693	46.603884	0.500000	83
28.370648	47.320873	0.500000	83
27.432803	47.818751	0.500000	83
26.607755	48.510613	0.500000	83
25.745797	49.067001	0.500000	83
26.736056	-29.484670	0.500000	84
25.805896	-29.384540	0.500000	84
24.769438	-29.248950	0.500000	84
23.816013	-29.630496	0.500000	84
23.003152	-30.368054	0.500000	84
22.218347	-30.910485	0.500000	84
21.287127	-31.187166	0.500000	84
20.412800	-31.645443	0.500000	84
19.838753	-32.443454	0.500000	84
19.485116	-33.422117	0.500000	84
18.889371	-34.191977	0.500000	84
18.047882	-34.875772	0.500000	84
17.190116	-35.388102	0.500000	84
16.260780	-35.877059	0.500000	84
15.321228	-36.300886	0.500000	84
14.565501	-36.891385	0.500000	84
13.654128	-37.281407	0.500000	84
12.955149	-38.006673	0.500000	84
12.483766	-38.937836	0.500000	84
12.133733	-40.042416	0.500000	84
12.040845	-41.085004	0.500000	84
35.597961	47.902170	0.500000	85
36.203828	48.577701	0.500000	85
37.049460	49.185062	0.500000	85
37.995782	49.618262	0.500000	85
38.926979	-49.808703	0.500000	85
39.952416	-49.574184	0.500000	85
40.875366	-49.375078	0.500000	85
41.908711	-49.573475	0.500000	85
42.855517	-49.734813	0.500000	85
43.832735	-49.880438	0.500000	85
44.816088	49.772406	0.500000	85
45.742885	49.404350	0.500000	85
46.734984	49.346744	0.500000	85
47.665530	49.307073	0.500000	85
48.585604	49.273177	0.500000	85
49.582843	49.127950	0.500000	85
-49.568776	48.666511	0.500000	85
-48.831275	48.015917	0.500000	85
-47.904675	47.652334	0.500000	85
-46.958794	47.141658	0.500000	85
-46.074340	46.721429	0.500000	85
-22.941433	-17.562650	0.500000	86
-23.491192	-18.334363	0.500000	86
-24.070973	-19.166012	0.500000	86
-24.797331	-19.928116	0.500000	86
-25.511559	-20.654025	0.500000	86
-26.283607	-21.284710	0.500000	86
-26.994940	-22.003786	0.500000	86
-27.624810	-22.661786	0.500000	86
-28.554362	-23.219155	0.500000	86
-29.465242	-23.689134	0.500000	86
-30.119336	-24.387306	0.500000	86
-30.985350	-24.866744	0.500000	86
-31.751540	-25.528509	0.500000	86
-32.120861	-26.479995	0.500000	86
-32.414563	-27.263938	0.500000	86
-33.239820	-27.926220	0.500000	86
-33.997956	-28.603956	0.500000	86
-34.689491	-29.362899	0.500000	86
-35.417667	-30.112758	0.500000	86
-36.073402	-30.900994	0.500000	86
-36.978764	-31.580863	0.500000	86
37.546972	37.195090	0.500000	87
37.919703	38.133801	0.500000	87
37.965821	39.031900	0.500000	87
37.896134	40.038876	0.500000	87
37.526906	40.968951	0.500000	87
37.065134	41.731454	0.500000	87
36.755052	42.713600	0.500000	87
36.753094	43.577382	0.500000	87
37.134566	44.597648	0.500000	87
37.145272	45.604422	0.500000	87
37.206123	46.620717	0.500000	87
37.356347	47.681319	0.500000	87
37.310185	48.768257	0.500000	87
37.382768	49.781311	0.500000	87
37.841207	-49.250483	0.500000	87
38.111058	-48.329405	0.500000	87
38.678326	-47.410928	0.500000	87
39.038063	-46.479958	0.500000	87
39.736121	-45.508330	0.500000	87
40.125425	-44.549532	0.500000	87
39.999187	-43.603878	0.500000	87
-42.340405	27.855151	0.500000	88
-43.307290	27.923830	0.500000	88
-44.417173	27.939542	0.500000	88
-45.505346	28.095359	0.500000	88
-46.359747	28.716895	0.500000	88
-47.256120	28.944996	0.500000	88
-47.906554	29.648735	0.500000	88
-48.647316	30.333458	0.500000	88
-49.285403	31.290896	0.500000	88
-49.829720	32.092564	0.500000	88
49.487849	32.886696	0.500000	88
49.067632	33.776996	0.500000	88
48.839365	34.709964	0.500000	88
48.513199	35.667802	0.500000	88
48.418632	36.589880	0.500000	88
48.052994	37.483319	0.500000	88
47.718208	38.326204	0.500000	88
47.433211	39.283336	0.500000	88
47.238441	40.242544	0.500000	88
46.922509	41.246547	0.500000	88
46.685081	42.189743	0.500000	88
-26.779678	7.740471	0.500000	89
-27.703753	7.806689	0.500000	89
-28.577419	8.098811	0.500000	89
-29.609838	8.354842	0.500000	89
-30.354535	8.924546	0.500000	89
-31.063433	9.678236	0.500000	89
-31.254166	10.655206	0.500000	89
-31.273573	11.599100	0.500000	89
-31.510610	12.711108	0.500000	89
-31.742554	13.700368	0.500000	89
-32.055666	14.641672	0.500000	89
-32.720593	15.417568	0.500000	89
-33.424067	16.214241	0.500000	89
-33.860978	17.198949	0.500000	89
-34.250147	18.136286	0.500000	89
-34.481265	19.033797	0.500000	89
-35.160895	19.740208	0.500000	89
-35.401238	20.614555	0.500000	89
-35.545869	21.489451	0.500000	89
-35.765211	22.532035	0.500000	89
-35.822611	23.576086	0.500000	89
44.777928	-21.070094	0.500000	90
44.095081	-20.193884	0.500000	90
43.468262	-19.333368	0.500000	90
42.592574	-18.698493	0.500000	90
41.844578	-18.102315	0.500000	90
40.977370	-17.803628	0.500000	90
40.071319	-17.520868	0.500000	90
39.093840	-17.458687	0.500000	90
38.100591	-17.502109	0.500000	90
37.186798	-17.490942	0.500000	90
36.203936	-17.314770	0.500000	90
35.143861	-17.476949	0.500000	90
34.138161	-17.789995	0.500000	90
33.087865	-18.171991	0.500000	90
32.191711	-18.731398	0.500000	90
31.404995	-19.168882	0.500000	90
30.747973	-19.902693	0.500000	90
30.032654	-20.546880	0.500000	90
29.095977	-20.905826	0.500000	90
28.135945	-21.109120	0.500000	90
27.090866	-21.229223	0.500000	90
26.965613	40.268602	0.500000	91
27.792029	39.757290	0.500000	91
28.692485	39.311762	0.500000	91
29.573800	38.845731	0.500000	91
30.501758	38.456508	0.500000	91
31.485079	37.881922	0.500000	91
32.453071	37.631191	0.500000	91
33.472733	37.568753	0.500000	91
34.434270	37.516371	0.500000	91
35.470084	37.366978	0.500000	91
36.331325	37.052286	0.500000	91
37.179517	36.466595	0.500000	91
37.881449	35.769432	0.500000	91
38.745635	35.189790	0.500000	91
39.754882	34.998022	0.500000	91
40.651385	34.813588	0.500000	91
41.478930	34.363451	0.500000	91
42.277723	33.768509	0.500000	91
42.992712	33.234994	0.500000	91
43.890009	32.623999	0.500000	91
44.775614	32.213415	0.500000	91
-40.700649	23.874345	0.500000	92
-41.737634	23.855223	0.500000	92
-42.685724	23.799055	0.500000	92
-43.617419	24.059446	0.500000	92
-44.464408	24.696296	0.500000	92
-45.470328	24.927590	0.500000	92
-46.349168	24.870156	0.500000	92
-47.195983	24.446104	0.500000	92
-48.119670	24.228812	0.500000	92
-49.208329	24.135529	0.500000	92
49.866635	24.077286	0.500000	92
48.831468	23.926367	0.500000	92
47.933515	23.747303	0.500000	92
46.939318	23.768945	0.500000	92
45.937276	23.706075	0.500000	92
44.950612	24.064982	0.500000	92
43.962037	24.382786	0.500000	92
43.029494	24.846724	0.500000	92
41.979988	25.131954	0.500000	92
40.975506	25.340729	0.500000	92
40.089265	25.839308	0.500000	92
9.615048	-18.757001	0.500000	93
9.253798	-17.792883	0.500000	93
9.030652	-16.839401	0.500000	93
8.931168	-15.747883	0.500000	93
8.921196	-14.782109	0.500000	93
9.322832	-13.806099	0.500000	93
10.046399	-13.127532	0.500000	93
10.523646	-12.137692	0.500000	93
10.715619	-11.171459	0.500000	93
10.644391	-10.140183	0.500000	93
10.119188	-9.195637	0.500000	93
9.476787	-8.310998	0.500000	93
8.943404	-7.385892	0.500000	93
8.074635	-6.848980	0.500000	93
6.985549	-6.427029	0.500000	93
6.317475	-5.742661	0.500000	93
5.690525	-5.084465	0.500000	93
5.272638	-4.172692	0.500000	93
4.739373	-3.272433	0.500000	93
4.666720	-2.341018	0.500000	93
4.403581	-1.419185	0.500000	93
14.131152	20.448552	0.500000	94
13.471321	19.593029	0.500000	94
12.665336	18.835234	0.500000	94
12.069010	18.014651	0.500000	94
11.435621	17.094776	0.500000	94
10.825925	16.297551	0.500000	94
10.118319	15.473132	0.500000	94
9.662873	14.533752	0.500000	94
9.496825	13.504544	0.500000	94
9.172573	12.416921	0.500000	94
8.493228	11.818324	0.500000	94
7.570165	11.396121	0.500000	94
6.608512	11.075628	0.500000	94
5.886850	10.465268	0.500000	94
5.208356	9.795704	0.500000	94
4.971110	8.943321	0.500000	94
4.942010	7.886980	0.500000	94
4.896557	6.988708	0.500000	94
4.776504	6.069477	0.500000	94
4.914910	5.147812	0.500000	94
5.024226	4.156001	0.500000	94
20.705541	37.240233	0.500000	95
21.569781	37.671705	0.500000	95
22.415135	38.215010	0.500000	95
23.009467	39.027549	0.500000	95
23.510291	39.858452	0.500000	95
24.046641	40.787620	0.500000	95
24.359819	41.672920	0.500000	95
24.948699	42.428829	0.500000	95
25.623842	43.238701	0.500000	95
26.351128	44.103894	0.500000	95
27.158151	44.639007	0.500000	95
27.861117	45.410962	0.500000	95
28.783702	45.745668	0.500000	95
29.507801	46.210269	0.500000	95
30.099192	47.025110	0.500000	95
30.353938	47.864132	0.500000	95
30.728863	48.751198	0.500000	95
30.767048	49.859368	0.500000	95
30.808527	-49.089204	0.500000	95
30.691099	-48.118826	0.500000	95
30.306019	-47.022377	0.500000	95
13.500316	-41.021408	0.500000	96
13.905506	-40.131153	0.500000	96
14.537144	-39.353460	0.500000	96
15.140779	-38.516965	0.500000	96
15.617338	-37.668952	0.500000	96
15.636799	-36.584671	0.500000	96
15.613981	-35.511023	0.500000	96
15.895459	-34.582587	0.500000	96
15.757143	-33.767999	0.500000	96
16.090705	-32.800140	0.500000	96
16.234272	-31.825124	0.500000	96
16.167011	-30.786777	0.500000	96
16.094738	-29.836869	0.500000	96
16.289258	-28.772993	0.500000	96
16.359032	-27.744907	0.500000	96
16.393197	-26.867779	0.500000	96
16.388115	-25.809496	0.500000	96
16.667067	-24.721881	0.500000	96
17.159158	-23.906689	0.500000	96
17.827647	-23.170952	0.500000	96
18.505658	-22.340676	0.500000	96
-23.296849	46.130811	0.500000	97
-22.350537	45.711855	0.500000	97
-21.383526	45.516825	0.500000	97
-20.291193	45.702021	0.500000	97
-19.336393	46.039984	0.500000	97
-18.516089	46.793123	0.500000	97
-18.254403	47.853698	0.500000	97
-18.294311	48.938922	0.500000	97
-18.318177	49.958076	0.500000	97
-18.640031	-48.978443	0.500000	97
-18.844907	-48.019295	0.500000	97
-19.169028	-47.010080	0.500000	97
-19.478990	-46.073435	0.500000	97
-19.765861	-45.114776	0.500000	97
-20.364343	-44.260074	0.500000	97
-20.759086	-43.261196	0.500000	97
-21.355038	-42.433765	0.500000	97
-22.051809	-41.531020	0.500000	97
-22.969646	-40.956495	0.500000	97
-23.756590	-40.379084	0.500000	97
-24.415461	-39.542892	0.500000	97
-45.619002	-30.727012	0.500000	98
-46.097851	-29.904354	0.500000	98
-46.993282	-29.398023	0.500000	98
-47.920548	-29.122737	0.500000	98
-48.600535	-28.404422	0.500000	98
-49.074284	-27.481344	0.500000	98
-49.368942	-26.627987	0.500000	98
-49.996938	-25.797301	0.500000	98
49.708063	-24.812260	0.500000	98
49.437678	-23.796377	0.500000	98
48.892591	-22.845065	0.500000	98
48.340346	-22.056077	0.500000	98
47.820333	-21.119699	0.500000	98
47.417342	-20.249568	0.500000	98
47.336999	-19.394228	0.500000	98
47.554662	-18.309972	0.500000	98
48.103383	-17.418635	0.500000	98
48.559084	-16.465363	0.500000	98
49.121072	-15.620818	0.500000	98
49.566525	-14.743513	0.500000	98
49.829129	-13.662945	0.500000	98
13.318036	-26.649887	0.500000	99
13.257925	-27.685002	0.500000	99
13.576348	-28.676989	0.500000	99
13.753154	-29.703126	0.500000	99
13.879073	-30.703244	0.500000	99
14.018984	-31.673145	0.500000	99
13.913342	-32.679753	0.500000	99
13.613940	-33.544618	0.500000	99
12.934032	-34.306816	0.500000	99
12.314029	-34.957755	0.500000	99
11.642197	-35.720458	0.500000	99
10.967373	-36.475702	0.500000	99
10.201019	-37.178481	0.500000	99
9.445990	-37.809478	0.500000	99
8.439182	-38.279187	0.500000	99
7.550137	-38.588264	0.500000	99
6.601339	-38.842014	0.500000	99
5.704196	-39.231743	0.500000	99
4.649798	-39.581311	0.500000	99
3.814767	-39.969679	0.500000	99
2.945797	-40.442038	0.500000	99
