t = 0.000000	N = 3
0.000000	0.000675	0.000675	0
0.000000	0.000631	0.000631	1
0.000000	0.001542	0.001542	2
t = 0.000100	N = 3
0.699046	0.000821	0.699867	0
-1.534738	0.000584	-1.534155	1
4.068377	0.001944	4.070321	2
t = 0.000200	N = 3
1.272162	0.001107	1.273269	0
-0.234671	0.000855	-0.233816	1
-2.661086	0.002897	-2.658189	2
t = 0.000300	N = 3
0.489828	0.001901	0.491729	0
-2.368193	0.001458	-2.366736	1
-2.902646	0.003662	-2.898984	2
t = 0.000400	N = 3
-3.652142	0.003518	-3.648625	0
-2.126113	0.001967	-2.124146	1
5.820870	0.003474	5.824343	2
t = 0.000500	N = 3
-1.937391	0.004702	-1.932689	0
1.621854	0.002509	1.624363	1
-0.024548	0.003762	-0.020786	2
t = 0.000600	N = 3
2.466525	0.005873	2.472397	0
-1.176151	0.002521	-1.173630	1
-5.238297	0.004284	-5.234013	2
t = 0.000700	N = 3
2.524176	0.005963	2.530139	0
-4.273803	0.003057	-4.270746	1
-5.453799	0.004331	-5.449468	2
t = 0.000800	N = 3
-2.600518	0.004804	-2.595714	0
-6.288987	0.004949	-6.284038	1
-2.349468	0.005305	-2.344163	2
t = 0.000900	N = 3
-4.167358	0.004606	-4.162753	0
-5.991935	0.006060	-5.985874	1
0.474032	0.006194	0.480226	2
t = 0.001000	N = 3
0.940886	0.005657	0.946543	0
-9.396778	0.005777	-9.391001	1
1.615036	0.006399	1.621435	2
t = 0.001100	N = 3
1.909105	0.006872	1.915977	0
0.988713	0.005749	0.994462	1
6.579523	0.007860	6.587383	2
t = 0.001200	N = 3
1.869703	0.008200	1.877903	0
9.669870	0.006150	9.676020	1
6.358329	0.009920	6.368249	2
t = 0.001300	N = 3
-3.727487	0.010546	-3.716941	0
5.336958	0.007315	5.344273	1
-0.706227	0.011890	-0.694337	2
t = 0.001400	N = 3
-5.437582	0.012005	-5.425577	0
4.777047	0.008873	4.785920	1
-0.129514	0.013408	-0.116106	2
t = 0.001500	N = 3
-4.600615	0.013129	-4.587485	0
2.862877	0.009801	2.872678	1
-1.456513	0.013370	-1.443143	2
t = 0.001600	N = 3
-5.983153	0.014191	-5.968962	0
-5.076094	0.010504	-5.065590	1
-4.885174	0.013965	-4.871208	2
t = 0.001700	N = 3
-3.924112	0.013779	-3.910333	0
-5.043964	0.011428	-5.032536	1
-1.679471	0.012645	-1.666826	2
t = 0.001800	N = 3
-0.807998	0.014365	-0.793633	0
-3.676784	0.011932	-3.664852	1
-0.670608	0.011880	-0.658728	2
t = 0.001900	N = 3
0.044623	0.014829	0.059453	0
-0.455981	0.012319	-0.443662	1
4.053798	0.012757	4.066556	2
t = 0.002000	N = 3
3.923007	0.013589	3.936596	0
-9.008844	0.012714	-8.996130	1
12.736629	0.013860	12.750489	2
t = 0.002100	N = 3
4.136080	0.012905	4.148986	0
-2.190330	0.013956	-2.176374	1
6.100896	0.013681	6.114577	2
t = 0.002200	N = 3
-4.476343	0.011966	-4.464377	0
3.104438	0.015904	3.120342	1
-4.504119	0.013355	-4.490764	2
t = 0.002300	N = 3
-2.956730	0.012436	-2.944294	0
-4.091328	0.019170	-4.072158	1
-3.534187	0.013408	-3.520779	2
t = 0.002400	N = 3
-1.021001	0.014650	-1.006352	0
-6.398366	0.019493	-6.378873	1
-3.434667	0.014239	-3.420428	2
t = 0.002500	N = 3
-4.843915	0.013339	-4.830576	0
-5.236079	0.017859	-5.218221	1
-5.161896	0.013461	-5.148435	2
t = 0.002600	N = 3
-5.294160	0.010995	-5.283164	0
3.386700	0.017379	3.404079	1
-4.823516	0.013953	-4.809563	2
t = 0.002700	N = 3
-1.754058	0.012434	-1.741623	0
8.639857	0.018121	8.657978	1
-0.177544	0.016859	-0.160685	2
t = 0.002800	N = 3
1.870405	0.015429	1.885834	0
6.475493	0.021708	6.497201	1
1.965998	0.017797	1.983795	2
t = 0.002900	N = 3
-2.272913	0.018344	-2.254570	0
5.867008	0.025390	5.892397	1
-3.885893	0.018045	-3.867849	2
t = 0.003000	N = 3
-6.550493	0.020926	-6.529567	0
-0.775027	0.025542	-0.749485	1
-1.765953	0.018442	-1.747512	2
t = 0.003100	N = 3
-2.911354	0.023913	-2.887441	0
-2.601915	0.022878	-2.579037	1
-0.261606	0.018841	-0.242765	2
t = 0.003200	N = 3
-2.010379	0.028185	-1.982193	0
5.592389	0.021963	5.614352	1
-5.846059	0.021481	-5.824579	2
t = 0.003300	N = 3
-1.402625	0.031502	-1.371122	0
5.980338	0.023013	6.003351	1
-0.501805	0.023060	-0.478744	2
t = 0.003400	N = 3
2.570331	0.032836	2.603167	0
-3.684451	0.023065	-3.661387	1
1.989257	0.023308	2.012565	2
t = 0.003500	N = 3
2.241603	0.032905	2.274507	0
-2.748126	0.022438	-2.725688	1
0.044611	0.021656	0.066267	2
t = 0.003600	N = 3
2.098464	0.031840	2.130304	0
1.751827	0.022793	1.774620	1
4.829378	0.021985	4.851364	2
t = 0.003700	N = 3
4.049530	0.030280	4.079811	0
0.529397	0.021916	0.551313	1
4.388083	0.022351	4.410433	2
t = 0.003800	N = 3
3.348966	0.030569	3.379535	0
-2.463207	0.022290	-2.440917	1
7.532571	0.021067	7.553638	2
t = 0.003900	N = 3
-2.114763	0.033197	-2.081566	0
-3.712950	0.022249	-3.690701	1
5.563603	0.018765	5.582367	2
t = 0.004000	N = 3
0.455452	0.035530	0.490982	0
4.734486	0.019994	4.754480	1
6.145916	0.016699	6.162615	2
t = 0.004100	N = 3
7.379202	0.035934	7.415137	0
-0.819720	0.020698	-0.799022	1
7.637272	0.019834	7.657106	2
t = 0.004200	N = 3
3.822513	0.034666	3.857178	0
-8.800159	0.025018	-8.775141	1
3.488974	0.022711	3.511685	2
t = 0.004300	N = 3
2.876235	0.034016	2.910251	0
-1.864868	0.026436	-1.838432	1
0.747277	0.020273	0.767551	2
t = 0.004400	N = 3
0.835142	0.033154	0.868297	0
7.122107	0.027555	7.149662	1
-5.236671	0.018064	-5.218607	2
t = 0.004500	N = 3
1.189489	0.030652	1.220141	0
6.214124	0.031102	6.245226	1
-3.797529	0.016950	-3.780578	2
t = 0.004600	N = 3
0.794646	0.029661	0.824307	0
-6.926257	0.032967	-6.893290	1
-7.433006	0.014780	-7.418226	2
t = 0.004700	N = 3
-5.468508	0.029387	-5.439121	0
-8.643649	0.032557	-8.611091	1
-6.765189	0.014865	-6.750325	2
t = 0.004800	N = 3
-2.387414	0.029388	-2.358026	0
-1.345906	0.032495	-1.313411	1
8.068388	0.017554	8.085943	2
t = 0.004900	N = 3
0.080056	0.028104	0.108160	0
1.539273	0.030281	1.569554	1
-1.639916	0.019508	-1.620408	2
t = 0.005000	N = 3
-1.283021	0.027417	-1.255604	0
3.122641	0.028818	3.151459	1
-5.388266	0.020375	-5.367891	2
t = 0.005100	N = 3
-0.837824	0.028466	-0.809358	0
-1.503501	0.031164	-1.472337	1
-1.778864	0.019442	-1.759422	2
t = 0.005200	N = 3
-2.758763	0.028472	-2.730291	0
2.913544	0.032486	2.946031	1
-0.476507	0.018287	-0.458220	2
t = 0.005300	N = 3
-2.601234	0.026622	-2.574612	0
13.046756	0.031298	13.078054	1
-2.954127	0.018918	-2.935209	2
t = 0.005400	N = 3
-0.171320	0.024421	-0.146899	0
7.786091	0.032017	7.818108	1
-4.303213	0.021735	-4.281479	2
t = 0.005500	N = 3
4.619059	0.025657	4.644716	0
-5.376437	0.031467	-5.344970	1
-0.320521	0.020542	-0.299979	2
t = 0.005600	N = 3
5.642344	0.025826	5.668170	0
-7.993615	0.026467	-7.967148	1
4.436951	0.018844	4.455795	2
t = 0.005700	N = 3
3.698416	0.025641	3.724058	0
-2.845865	0.024913	-2.820952	1
1.301307	0.019736	1.321043	2
t = 0.005800	N = 3
3.348018	0.026383	3.374402	0
-4.100505	0.025194	-4.075311	1
-4.364302	0.017497	-4.346805	2
t = 0.005900	N = 3
-0.230986	0.024633	-0.206352	0
4.312370	0.023589	4.335959	1
-8.897827	0.016874	-8.880953	2
t = 0.006000	N = 3
0.362154	0.024583	0.386737	0
8.476956	0.022621	8.499577	1
-5.396813	0.015710	-5.381103	2
t = 0.006100	N = 3
-1.406457	0.026809	-1.379648	0
5.247247	0.022797	5.270045	1
3.038488	0.015307	3.053795	2
t = 0.006200	N = 3
0.125972	0.027282	0.153254	0
3.055079	0.023327	3.078406	1
4.540895	0.017656	4.558552	2
t = 0.006300	N = 3
-2.369759	0.026206	-2.343553	0
-0.200578	0.023604	-0.176974	1
-2.689516	0.016437	-2.673079	2
t = 0.006400	N = 3
1.930576	0.024939	1.955515	0
-4.474023	0.022886	-4.451137	1
2.213152	0.015315	2.228467	2
t = 0.006500	N = 3
8.268313	0.022540	8.290853	0
-7.773180	0.022697	-7.750483	1
3.467527	0.016263	3.483790	2
t = 0.006600	N = 3
2.059309	0.023468	2.082777	0
-0.801830	0.021095	-0.780734	1
-6.004715	0.015976	-5.988739	2
t = 0.006700	N = 3
1.885385	0.026194	1.911579	0
2.454695	0.017937	2.472632	1
0.146533	0.015585	0.162118	2
t = 0.006800	N = 3
4.791914	0.026467	4.818381	0
4.308108	0.016642	4.324750	1
1.129819	0.016686	1.146505	2
t = 0.006900	N = 3
4.067010	0.025970	4.092980	0
8.363864	0.018191	8.382054	1
-3.903837	0.015691	-3.888146	2
t = 0.007000	N = 3
-0.032241	0.027829	-0.004412	0
-0.057754	0.018117	-0.039637	1
-6.953609	0.013589	-6.940020	2
t = 0.007100	N = 3
-3.219373	0.029833	-3.189540	0
-2.372780	0.016781	-2.355999	1
-2.451459	0.012172	-2.439287	2
t = 0.007200	N = 3
0.731598	0.030872	0.762470	0
3.182717	0.014514	3.197231	1
5.209240	0.011529	5.220769	2
t = 0.007300	N = 3
1.093265	0.029841	1.123106	0
-0.583448	0.012466	-0.570982	1
-0.532989	0.011589	-0.521400	2
t = 0.007400	N = 3
-2.062635	0.029576	-2.033059	0
-3.273592	0.011662	-3.261930	1
-4.486389	0.010896	-4.475493	2
t = 0.007500	N = 3
-2.447517	0.030722	-2.416795	0
-5.431271	0.011753	-5.419517	1
1.067904	0.009152	1.077056	2
t = 0.007600	N = 3
-2.639549	0.032549	-2.607000	0
-9.854808	0.013054	-9.841754	1
1.907892	0.008126	1.916018	2
t = 0.007700	N = 3
3.890442	0.036764	3.927206	0
3.541094	0.014990	3.556084	1
-2.823131	0.006903	-2.816228	2
t = 0.007800	N = 3
3.657560	0.039401	3.696961	0
3.026439	0.017856	3.044296	1
-9.611159	0.006580	-9.604579	2
t = 0.007900	N = 3
-1.243932	0.042878	-1.201053	0
-0.574652	0.017998	-0.556654	1
-2.730263	0.007085	-2.723178	2
t = 0.008000	N = 3
-3.117368	0.045180	-3.072188	0
-2.954248	0.018413	-2.935835	1
-2.592569	0.007025	-2.585544	2
t = 0.008100	N = 3
-3.064442	0.043976	-3.020466	0
-2.197282	0.019454	-2.177828	1
-5.640141	0.007212	-5.632928	2
t = 0.008200	N = 3
-2.577312	0.042637	-2.534675	0
-0.586935	0.018906	-0.568029	1
-2.411326	0.008790	-2.402536	2
t = 0.008300	N = 3
-1.174490	0.041500	-1.132990	0
-3.302332	0.018388	-3.283944	1
2.604106	0.008651	2.612757	2
t = 0.008400	N = 3
-0.802135	0.039979	-0.762156	0
-4.326817	0.021075	-4.305742	1
5.884889	0.007617	5.892506	2
t = 0.008500	N = 3
-6.618147	0.040013	-6.578134	0
-3.045939	0.021468	-3.024471	1
7.541052	0.008922	7.549973	2
t = 0.008600	N = 3
-5.605394	0.040805	-5.564589	0
3.093322	0.018099	3.111421	1
13.828659	0.011239	13.839898	2
t = 0.008700	N = 3
3.667590	0.041084	3.708674	0
3.960736	0.017863	3.978599	1
5.272473	0.010951	5.283424	2
t = 0.008800	N = 3
8.348179	0.039668	8.387847	0
-1.626360	0.018667	-1.607693	1
-2.546284	0.010178	-2.536106	2
t = 0.008900	N = 3
4.275933	0.038914	4.314847	0
-1.539595	0.017690	-1.521905	1
-2.214377	0.011876	-2.202500	2
t = 0.009000	N = 3
2.834948	0.039152	2.874101	0
2.402528	0.015715	2.418243	1
-0.344897	0.014370	-0.330527	2
t = 0.009100	N = 3
-1.604476	0.037030	-1.567446	0
7.825768	0.014624	7.840391	1
5.600726	0.014973	5.615700	2
t = 0.009200	N = 3
-4.783678	0.034219	-4.749460	0
5.992726	0.015239	6.007965	1
2.009280	0.016307	2.025587	2
t = 0.009300	N = 3
2.592004	0.033069	2.625073	0
5.278802	0.015648	5.294450	1
-4.472739	0.017742	-4.454996	2
t = 0.009400	N = 3
0.457908	0.031830	0.489739	0
7.261381	0.018166	7.279547	1
-1.245239	0.014560	-1.230679	2
t = 0.009500	N = 3
-0.432580	0.028719	-0.403861	0
1.391061	0.018728	1.409789	1
-3.023850	0.012576	-3.011274	2
t = 0.009600	N = 3
0.892474	0.026109	0.918583	0
-7.101613	0.018619	-7.082994	1
-5.698531	0.012402	-5.686129	2
t = 0.009700	N = 3
-4.095592	0.023964	-4.071628	0
-3.046328	0.019156	-3.027172	1
0.256937	0.012173	0.269110	2
t = 0.009800	N = 3
-0.806852	0.020809	-0.786043	0
-0.263823	0.018827	-0.244995	1
-0.584153	0.014265	-0.569888	2
t = 0.009900	N = 3
1.889463	0.020252	1.909714	0
3.125079	0.019861	3.144940	1
-4.364964	0.017265	-4.347699	2
t = 0.010000	N = 3
-0.861957	0.020757	-0.841201	0
5.678361	0.020491	5.698852	1
-4.047214	0.018947	-4.028268	2
